
refrensi : https://github.com/crankyoldgit/IRremoteESP8266/issues/1675


OFF
Timestamp : 000256.855
Library   : v2.8.5

Protocol  : SAMSUNG_AC
Code      : 0x02B20F000000C001D20F000000000102FF71000DC0 (168 Bits)
Mesg Desc.: Power: Off, Mode: 0 (Auto), Temp: 16C, Fan: 6 (Auto), Swing(V): Off, Swing(H): Off, Beep: -, Clean: -, Quiet: Off, Powerful: Off, Econo: Off, Breeze: Off, Light: On, Ion: Off
uint16_t rawData[349] = {648, 17794,  3034, 8930,  524, 470,  530, 1460,  552, 442,  558, 436,  552, 442,  558, 436,  552, 442,  560, 434,  552, 442,  558, 1432,  558, 436,  552, 442,  558, 1430,  560, 1430,  558, 462,  526, 1464,  526, 1464,  550, 1440,  550, 1438,  550, 1438,  550, 444,  556, 438,  550, 444,  556, 438,  550, 444,  556, 438,  550, 444,  556, 438,  550, 470,  530, 464,  524, 470,  530, 464,  582, 412,  552, 442,  558, 436,  552, 442,  558, 436,  552, 442,  558, 436,  552, 442,  558, 436,  554, 440,  560, 434,  552, 442,  558, 436,  552, 442,  558, 462,  526, 468,  532, 462,  526, 468,  592, 402,  550, 444,  556, 438,  550, 444,  556, 1432,  556, 1434,  556, 2940,  3030, 8908,  558, 1432,  558, 436,  552, 442,  558, 436,  552, 470,  530, 464,  524, 470,  530, 464,  584, 410,  554, 1436,  554, 440,  560, 434,  554, 1436,  554, 440,  560, 1430,  560, 1430,  560, 1428,  560, 1430,  560, 1456,  534, 1456,  534, 460,  586, 408,  556, 438,  550, 444,  556, 438,  550, 444,  558, 436,  550, 444,  556, 438,  550, 444,  556, 438,  550, 444,  556, 438,  550, 444,  556, 438,  550, 470,  530, 464,  524, 470,  530, 464,  582, 412,  554, 440,  560, 434,  554, 440,  560, 434,  556, 438,  560, 434,  554, 440,  560, 434,  554, 440,  560, 434,  554, 440,  560, 434,  554, 440,  560, 460,  528, 466,  534, 460,  552, 2916,  3052, 8914,  552, 1436,  552, 442,  558, 436,  552, 442,  558, 436,  552, 442,  558, 436,  552, 442,  558, 436,  552, 1436,  552, 442,  558, 436,  552, 468,  532, 462,  526, 468,  592, 402,  586, 1404,  562, 1428,  550, 1440,  550, 1440,  550, 1440,  550, 1440,  550, 1440,  550, 1440,  550, 1466,  522, 472,  528, 466,  522, 472,  552, 1438,  552, 1438,  552, 1438,  552, 442,  558, 436,  552, 442,  558, 436,  552, 442,  558, 436,  552, 442,  558, 436,  552, 442,  558, 1458,  532, 464,  524, 1464,  550, 1440,  562, 432,  556, 438,  562, 434,  554, 438,  562, 432,  556, 438,  562, 432,  556, 438,  562, 434,  554, 438,  562, 1428,  550, 1466,  558};  // SAMSUNG_AC
uint8_t state[21] = {0x02, 0xB2, 0x0F, 0x00, 0x00, 0x00, 0xC0, 0x01, 0xD2, 0x0F, 0x00, 0x00, 0x00, 0x00, 0x01, 0x02, 0xFF, 0x71, 0x00, 0x0D, 0xC0};






ON
Timestamp : 000403.384
Library   : v2.8.5

Protocol  : SAMSUNG_AC
Code      : 0x02920F000000F001D20F0000000001E2FE71000DF0 (168 Bits)
Mesg Desc.: Power: On, Mode: 0 (Auto), Temp: 16C, Fan: 6 (Auto), Swing(V): Off, Swing(H): Off, Beep: -, Clean: -, Quiet: Off, Powerful: Off, Econo: Off, Breeze: Off, Light: On, Ion: Off
uint16_t rawData[349] = {648, 17784,  3032, 8932,  534, 460,  528, 1462,  552, 444,  556, 464,  524, 470,  530, 436,  552, 442,  558, 436,  552, 442,  558, 1432,  558, 464,  524, 470,  530, 1432,  558, 438,  550, 470,  530, 1458,  530, 1458,  554, 1436,  554, 1434,  556, 1434,  554, 440,  560, 462,  526, 468,  532, 462,  526, 468,  532, 462,  528, 466,  534, 460,  528, 466,  522, 472,  528, 466,  522, 472,  588, 408,  556, 436,  552, 442,  558, 464,  526, 442,  558, 436,  552, 442,  558, 436,  552, 442,  558, 464,  524, 470,  530, 464,  524, 442,  558, 438,  550, 470,  530, 464,  524, 470,  530, 464,  524, 470,  554, 440,  548, 1440,  560, 1428,  560, 1428,  560, 1428,  560, 2934,  3034, 8904,  550, 1438,  550, 444,  556, 438,  550, 472,  528, 466,  524, 470,  530, 464,  582, 412,  552, 442,  558, 1430,  560, 436,  552, 442,  558, 1430,  560, 436,  552, 1436,  554, 1436,  554, 1436,  554, 1462,  528, 1462,  528, 1462,  550, 444,  556, 438,  550, 444,  556, 438,  550, 444,  556, 438,  550, 444,  556, 438,  552, 442,  556, 438,  550, 470,  530, 438,  550, 444,  556, 464,  524, 470,  530, 464,  524, 470,  578, 416,  584, 410,  554, 440,  560, 434,  554, 440,  560, 434,  554, 440,  560, 434,  554, 440,  560, 434,  554, 440,  560, 434,  554, 440,  560, 434,  554, 438,  560, 460,  528, 466,  534, 460,  528, 466,  558, 2910,  3058, 8906,  560, 1430,  560, 434,  554, 440,  560, 434,  554, 440,  560, 434,  552, 440,  560, 434,  554, 468,  532, 1430,  558, 462,  528, 466,  532, 462,  526, 1462,  586, 1404,  550, 1438,  550, 444,  556, 1432,  556, 1432,  556, 1432,  556, 1432,  558, 1432,  558, 1458,  530, 1460,  530, 1460,  588, 406,  582, 412,  554, 440,  560, 1430,  560, 1430,  560, 1430,  560, 434,  554, 440,  560, 434,  554, 468,  532, 434,  554, 468,  532, 462,  526, 468,  532, 462,  526, 1462,  586, 408,  592, 1396,  558, 1432,  558, 436,  552, 444,  556, 438,  550, 442,  558, 436,  586, 434,  566, 428,  560, 406,  594, 1396,  558, 1458,  530, 1458,  590, 1400,  554};  // SAMSUNG_AC
uint8_t state[21] = {0x02, 0x92, 0x0F, 0x00, 0x00, 0x00, 0xF0, 0x01, 0xD2, 0x0F, 0x00, 0x00, 0x00, 0x00, 0x01, 0xE2, 0xFE, 0x71, 0x00, 0x0D, 0xF0};




SUHU 17
Timestamp : 000466.985
Library   : v2.8.5

Protocol  : SAMSUNG_AC
Code      : 0x02920F000000F001D2FE71100DF0 (112 Bits)
Mesg Desc.: Power: On, Mode: 0 (Auto), Temp: 17C, Fan: 6 (Auto), Swing(V): Off, Swing(H): Off, Beep: -, Clean: -, Quiet: Off, Powerful: Off, Econo: Off, Breeze: Off, Light: On, Ion: Off
uint16_t rawData[233] = {644, 17868,  3090, 8874,  532, 462,  548, 1440,  586, 408,  590, 404,  584, 410,  556, 440,  584, 410,  580, 414,  586, 410,  554, 1434,  590, 404,  584, 436,  564, 1426,  564, 430,  522, 472,  526, 1462,  552, 1438,  586, 1402,  586, 1402,  586, 1402,  588, 408,  558, 436,  588, 406,  580, 414,  586, 408,  580, 440,  560, 434,  554, 440,  524, 470,  530, 462,  526, 470,  554, 440,  548, 446,  578, 416,  584, 410,  590, 404,  584, 410,  590, 404,  584, 410,  590, 404,  584, 410,  590, 404,  584, 410,  590, 432,  558, 436,  564, 430,  558, 436,  528, 466,  522, 474,  550, 442,  580, 414,  586, 408,  580, 1408,  580, 1408,  580, 1408,  594, 1396,  580, 2914,  3054, 8884,  582, 1434,  554, 438,  562, 434,  532, 462,  528, 468,  520, 474,  550, 444,  580, 414,  586, 408,  590, 1398,  580, 414,  584, 410,  590, 1398,  580, 414,  586, 1404,  584, 1432,  558, 436,  552, 1438,  528, 1460,  552, 1438,  588, 1402,  586, 1402,  588, 1402,  586, 1402,  588, 1402,  588, 406,  582, 412,  588, 406,  582, 1434,  532, 1458,  532, 1458,  532, 462,  548, 446,  578, 416,  584, 410,  590, 404,  584, 1406,  584, 410,  556, 438,  550, 446,  590, 1400,  590, 404,  584, 1432,  556, 1432,  558, 436,  528, 466,  546, 448,  586, 408,  546, 448,  586, 408,  580, 414,  588, 406,  580, 1408,  580, 1408,  580, 1408,  580, 1408,  558};  // SAMSUNG_AC
uint8_t state[14] = {0x02, 0x92, 0x0F, 0x00, 0x00, 0x00, 0xF0, 0x01, 0xD2, 0xFE, 0x71, 0x10, 0x0D, 0xF0};




SUHU 18
Timestamp : 000528.903
Library   : v2.8.5

Protocol  : SAMSUNG_AC
Code      : 0x02920F000000F001D2FE71200DF0 (112 Bits)
Mesg Desc.: Power: On, Mode: 0 (Auto), Temp: 18C, Fan: 6 (Auto), Swing(V): Off, Swing(H): Off, Beep: -, Clean: -, Quiet: Off, Powerful: Off, Econo: Off, Breeze: Off, Light: On, Ion: Off
uint16_t rawData[233] = {642, 15408,  3028, 8910,  558, 438,  550, 1466,  524, 470,  530, 466,  582, 412,  530, 464,  548, 446,  554, 440,  560, 434,  554, 1436,  554, 440,  558, 436,  554, 1434,  554, 440,  560, 434,  552, 1436,  554, 1436,  554, 1462,  526, 1462,  526, 1462,  550, 444,  556, 438,  550, 444,  556, 440,  550, 444,  554, 438,  550, 444,  556, 438,  550, 444,  556, 438,  550, 444,  556, 438,  550, 444,  556, 466,  522, 472,  528, 466,  524, 470,  530, 464,  558, 436,  552, 442,  558, 436,  552, 442,  558, 436,  552, 442,  558, 436,  552, 442,  558, 436,  552, 442,  558, 436,  552, 442,  558, 436,  552, 468,  532, 1456,  532, 1456,  532, 1456,  556, 1434,  556, 2940,  3030, 8910,  556, 1432,  556, 438,  550, 444,  556, 438,  550, 444,  556, 438,  550, 444,  556, 464,  522, 472,  528, 1460,  530, 466,  546, 448,  552, 1436,  554, 442,  558, 1430,  558, 1432,  558, 436,  552, 1436,  552, 1436,  554, 1434,  554, 1464,  526, 1462,  526, 1462,  550, 1438,  550, 1438,  550, 444,  554, 440,  548, 444,  556, 1434,  556, 1434,  556, 1434,  556, 438,  550, 444,  556, 438,  550, 472,  528, 466,  522, 472,  528, 1460,  552, 442,  558, 436,  552, 1436,  554, 442,  558, 1430,  558, 1430,  558, 436,  552, 442,  558, 436,  552, 442,  558, 436,  552, 468,  532, 462,  584, 410,  530, 1458,  556, 1434,  556, 1434,  556, 1434,  556};  // SAMSUNG_AC
uint8_t state[14] = {0x02, 0x92, 0x0F, 0x00, 0x00, 0x00, 0xF0, 0x01, 0xD2, 0xFE, 0x71, 0x20, 0x0D, 0xF0};






SUHU 19
Timestamp : 000582.891
Library   : v2.8.5

Protocol  : SAMSUNG_AC
Code      : 0x02920F000000F001C2FE71300DF0 (112 Bits)
Mesg Desc.: Power: On, Mode: 0 (Auto), Temp: 19C, Fan: 6 (Auto), Swing(V): Off, Swing(H): Off, Beep: -, Clean: -, Quiet: Off, Powerful: Off, Econo: Off, Breeze: Off, Light: On, Ion: Off
uint16_t rawData[233] = {642, 17882,  3052, 8912,  554, 468,  532, 1430,  558, 434,  554, 440,  560, 434,  554, 468,  532, 434,  554, 440,  560, 434,  554, 1462,  528, 468,  532, 462,  526, 1462,  550, 472,  528, 438,  550, 1438,  550, 1440,  550, 1438,  550, 1438,  550, 1438,  550, 470,  528, 438,  550, 498,  502, 492,  496, 498,  502, 492,  554, 412,  552, 442,  560, 434,  552, 442,  558, 436,  552, 442,  558, 436,  552, 442,  560, 434,  552, 442,  558, 462,  526, 468,  532, 436,  552, 468,  532, 462,  526, 468,  532, 462,  526, 468,  590, 402,  550, 444,  556, 438,  550, 444,  556, 438,  550, 444,  556, 438,  550, 444,  556, 1432,  556, 1432,  556, 1432,  556, 1432,  580, 2914,  3090, 8876,  530, 1458,  554, 440,  548, 446,  554, 440,  560, 434,  554, 440,  560, 434,  554, 440,  560, 434,  554, 1434,  554, 466,  534, 462,  526, 466,  534, 460,  528, 1460,  528, 1462,  528, 466,  580, 1408,  558, 1432,  558, 1432,  558, 1432,  558, 1430,  558, 1432,  558, 1432,  558, 1432,  558, 464,  524, 468,  530, 464,  526, 1464,  584, 1406,  548, 1440,  560, 434,  554, 440,  560, 434,  554, 440,  560, 434,  556, 1432,  556, 1434,  556, 466,  534, 460,  528, 1460,  528, 466,  534, 1456,  582, 1408,  558, 436,  552, 442,  558, 436,  552, 442,  558, 436,  552, 442,  558, 436,  552, 442,  558, 1432,  558, 1432,  558, 1458,  532, 1458,  556};  // SAMSUNG_AC
uint8_t state[14] = {0x02, 0x92, 0x0F, 0x00, 0x00, 0x00, 0xF0, 0x01, 0xC2, 0xFE, 0x71, 0x30, 0x0D, 0xF0};




SUHU 20
Timestamp : 000607.981
Library   : v2.8.5

Protocol  : SAMSUNG_AC
Code      : 0x02920F000000F001D2FE71400DF0 (112 Bits)
Mesg Desc.: Power: On, Mode: 0 (Auto), Temp: 20C, Fan: 6 (Auto), Swing(V): Off, Swing(H): Off, Beep: -, Clean: -, Quiet: Off, Powerful: Off, Econo: Off, Breeze: Off, Light: On, Ion: Off
uint16_t rawData[233] = {640, 17884,  3028, 8910,  556, 440,  548, 1440,  550, 444,  556, 466,  522, 470,  530, 464,  524, 472,  528, 466,  522, 470,  530, 1460,  554, 440,  558, 436,  552, 1436,  552, 442,  560, 462,  526, 1438,  552, 1436,  552, 1436,  552, 1436,  552, 1436,  552, 468,  532, 462,  526, 468,  532, 462,  584, 410,  554, 440,  550, 444,  554, 440,  560, 460,  528, 438,  560, 434,  554, 440,  560, 434,  554, 440,  560, 460,  528, 466,  522, 444,  556, 466,  522, 472,  528, 466,  522, 472,  528, 466,  558, 436,  552, 442,  558, 436,  552, 442,  558, 436,  550, 442,  558, 436,  552, 442,  558, 436,  552, 442,  558, 1430,  560, 1430,  558, 1458,  532, 1458,  556, 2912,  3056, 8908,  558, 1432,  558, 436,  550, 444,  556, 438,  550, 444,  556, 438,  550, 444,  556, 438,  550, 444,  556, 1432,  556, 438,  550, 470,  530, 1458,  530, 464,  524, 1464,  548, 1440,  560, 434,  554, 1434,  554, 1436,  552, 1436,  554, 1436,  554, 1436,  554, 1436,  554, 1462,  526, 1462,  528, 468,  580, 414,  584, 410,  556, 1434,  556, 1432,  556, 1432,  556, 438,  550, 444,  556, 438,  550, 444,  556, 438,  550, 444,  556, 464,  524, 1466,  524, 470,  528, 1460,  588, 406,  582, 1406,  560, 1430,  560, 436,  552, 442,  558, 436,  552, 442,  558, 436,  552, 442,  558, 462,  526, 470,  532, 1430,  560, 1456,  532, 1456,  580, 1410,  556};  // SAMSUNG_AC
uint8_t state[14] = {0x02, 0x92, 0x0F, 0x00, 0x00, 0x00, 0xF0, 0x01, 0xD2, 0xFE, 0x71, 0x40, 0x0D, 0xF0};





SUHU 21
Timestamp : 000635.631
Library   : v2.8.5

Protocol  : SAMSUNG_AC
Code      : 0x02920F000000F001C2FE71500DF0 (112 Bits)
Mesg Desc.: Power: On, Mode: 0 (Auto), Temp: 21C, Fan: 6 (Auto), Swing(V): Off, Swing(H): Off, Beep: -, Clean: -, Quiet: Off, Powerful: Off, Econo: Off, Breeze: Off, Light: On, Ion: Off
uint16_t rawData[233] = {644, 17886,  3024, 8940,  526, 496,  504, 1458,  554, 466,  522, 446,  554, 440,  560, 434,  554, 440,  560, 434,  554, 440,  560, 1428,  560, 460,  528, 440,  560, 1428,  560, 434,  554, 466,  534, 1456,  534, 1456,  522, 1466,  558, 1432,  558, 1432,  558, 436,  552, 444,  556, 438,  550, 444,  556, 436,  552, 442,  558, 464,  524, 470,  530, 436,  552, 442,  558, 464,  524, 470,  530, 464,  524, 470,  554, 440,  548, 446,  554, 440,  560, 434,  554, 440,  560, 434,  554, 440,  560, 434,  554, 440,  558, 436,  554, 466,  534, 460,  528, 440,  560, 434,  554, 466,  532, 462,  526, 468,  580, 414,  586, 1402,  552, 1438,  552, 1438,  550, 1438,  550, 2944,  3060, 8878,  552, 1438,  552, 470,  530, 438,  550, 442,  558, 464,  524, 470,  530, 464,  524, 470,  590, 404,  584, 1406,  548, 446,  554, 440,  560, 434,  554, 440,  560, 1428,  562, 1428,  562, 434,  554, 1434,  554, 1434,  554, 1462,  526, 1462,  586, 1402,  586, 1404,  550, 1438,  552, 1438,  552, 444,  556, 438,  550, 444,  556, 1432,  558, 1432,  558, 1432,  558, 464,  524, 470,  530, 464,  524, 470,  588, 406,  584, 1406,  560, 434,  554, 1436,  554, 440,  560, 1430,  560, 434,  554, 1434,  554, 1434,  554, 440,  560, 460,  528, 466,  534, 460,  562, 432,  522, 472,  586, 408,  592, 402,  586, 1402,  550, 1438,  550, 1438,  550, 1438,  550};  // SAMSUNG_AC
uint8_t state[14] = {0x02, 0x92, 0x0F, 0x00, 0x00, 0x00, 0xF0, 0x01, 0xC2, 0xFE, 0x71, 0x50, 0x0D, 0xF0};





SUHU 22
Timestamp : 000662.797
Library   : v2.8.5

Protocol  : SAMSUNG_AC
Code      : 0x02920F000000F001C2FE71600DF0 (112 Bits)
Mesg Desc.: Power: On, Mode: 0 (Auto), Temp: 22C, Fan: 6 (Auto), Swing(V): Off, Swing(H): Off, Beep: -, Clean: -, Quiet: Off, Powerful: Off, Econo: Off, Breeze: Off, Light: On, Ion: Off
uint16_t rawData[233] = {648, 17876,  3058, 8906,  560, 434,  554, 1436,  554, 440,  560, 434,  554, 440,  560, 434,  554, 440,  560, 434,  554, 440,  560, 1456,  532, 462,  528, 468,  556, 1432,  558, 436,  550, 444,  556, 1432,  556, 1432,  556, 1432,  556, 1432,  556, 1432,  558, 438,  550, 444,  556, 464,  524, 470,  530, 464,  524, 470,  530, 464,  560, 434,  554, 440,  560, 434,  554, 442,  558, 434,  554, 440,  560, 434,  554, 440,  560, 434,  554, 440,  560, 434,  554, 440,  560, 434,  554, 466,  534, 460,  528, 466,  534, 460,  528, 466,  556, 438,  552, 442,  558, 436,  550, 444,  556, 438,  550, 444,  556, 438,  550, 1438,  552, 1436,  552, 1436,  552, 1438,  586, 2908,  3026, 8940,  526, 1462,  550, 444,  556, 438,  550, 444,  556, 438,  562, 432,  556, 438,  562, 432,  556, 438,  562, 1428,  550, 444,  556, 438,  562, 432,  556, 438,  562, 1454,  524, 1464,  524, 470,  530, 1458,  552, 1436,  552, 1436,  552, 1436,  552, 1436,  552, 1436,  552, 1436,  552, 1436,  552, 442,  558, 462,  526, 468,  532, 1456,  556, 1434,  556, 1434,  556, 438,  562, 432,  556, 438,  562, 432,  556, 438,  562, 432,  556, 1434,  556, 1434,  556, 438,  550, 1466,  524, 470,  528, 1460,  554, 1436,  554, 440,  560, 436,  552, 440,  560, 434,  554, 440,  560, 436,  552, 440,  560, 434,  554, 1436,  554, 1436,  554, 1462,  526, 1462,  550};  // SAMSUNG_AC
uint8_t state[14] = {0x02, 0x92, 0x0F, 0x00, 0x00, 0x00, 0xF0, 0x01, 0xC2, 0xFE, 0x71, 0x60, 0x0D, 0xF0};




SUHU 23
Timestamp : 000683.322
Library   : v2.8.5

Protocol  : SAMSUNG_AC
Code      : 0x02920F000000F001B2FE71700DF0 (112 Bits)
Mesg Desc.: Power: On, Mode: 0 (Auto), Temp: 23C, Fan: 6 (Auto), Swing(V): Off, Swing(H): Off, Beep: -, Clean: -, Quiet: Off, Powerful: Off, Econo: Off, Breeze: Off, Light: On, Ion: Off
uint16_t rawData[233] = {648, 17874,  3060, 8904,  548, 446,  554, 1434,  556, 440,  548, 446,  554, 440,  548, 472,  528, 466,  522, 444,  554, 440,  548, 1466,  522, 500,  500, 466,  558, 1430,  558, 436,  552, 442,  558, 1430,  558, 1430,  558, 1430,  558, 1430,  560, 1430,  560, 462,  526, 442,  558, 462,  526, 468,  532, 462,  526, 468,  590, 404,  550, 444,  556, 440,  548, 446,  556, 438,  550, 444,  556, 438,  550, 444,  556, 438,  550, 446,  554, 466,  522, 472,  528, 438,  550, 444,  556, 466,  522, 472,  528, 466,  522, 472,  586, 408,  558, 436,  552, 442,  558, 436,  552, 444,  556, 436,  552, 442,  558, 436,  552, 1438,  552, 1436,  552, 1436,  552, 1464,  548, 2920,  3084, 8880,  526, 1462,  550, 444,  592, 402,  550, 444,  556, 438,  550, 444,  556, 438,  550, 444,  556, 438,  550, 1440,  550, 444,  556, 466,  524, 1438,  552, 1466,  524, 470,  530, 1458,  590, 404,  584, 1406,  560, 1430,  560, 1430,  560, 1430,  560, 1430,  560, 1430,  560, 1428,  560, 1428,  560, 460,  528, 466,  534, 460,  528, 1462,  586, 1402,  552, 1438,  552, 442,  556, 438,  550, 444,  556, 438,  550, 444,  592, 1396,  556, 1432,  556, 1432,  558, 464,  524, 1464,  526, 468,  590, 1400,  590, 1400,  554, 440,  584, 410,  590, 404,  584, 410,  590, 406,  582, 410,  590, 404,  584, 438,  562, 1400,  554, 1434,  554, 1462,  526, 1462,  550};  // SAMSUNG_AC
uint8_t state[14] = {0x02, 0x92, 0x0F, 0x00, 0x00, 0x00, 0xF0, 0x01, 0xB2, 0xFE, 0x71, 0x70, 0x0D, 0xF0};





SUHU 24
Timestamp : 000746.395
Library   : v2.8.5

Protocol  : SAMSUNG_AC
Code      : 0x02920F000000F001D2FE71800DF0 (112 Bits)
Mesg Desc.: Power: On, Mode: 0 (Auto), Temp: 24C, Fan: 6 (Auto), Swing(V): Off, Swing(H): Off, Beep: -, Clean: -, Quiet: Off, Powerful: Off, Econo: Off, Breeze: Off, Light: On, Ion: Off
uint16_t rawData[233] = {644, 17886,  3036, 8930,  524, 470,  530, 1458,  554, 440,  548, 446,  554, 440,  560, 434,  556, 438,  562, 432,  554, 440,  560, 1428,  560, 434,  556, 438,  560, 1428,  560, 434,  554, 440,  560, 1456,  534, 1456,  558, 1432,  558, 1432,  558, 1432,  558, 436,  552, 442,  558, 436,  554, 440,  558, 436,  552, 442,  558, 436,  554, 440,  560, 434,  552, 468,  532, 462,  526, 468,  532, 462,  526, 468,  556, 438,  550, 444,  556, 438,  562, 432,  556, 438,  562, 432,  556, 440,  560, 432,  556, 438,  562, 432,  556, 438,  550, 444,  556, 438,  550, 472,  528, 466,  522, 472,  528, 466,  522, 472,  552, 1436,  554, 1436,  552, 1436,  552, 1436,  552, 2944,  3026, 8912,  554, 1434,  554, 440,  560, 434,  554, 440,  560, 460,  528, 466,  534, 460,  528, 466,  522, 472,  550, 1438,  550, 444,  558, 436,  552, 1436,  552, 442,  558, 1432,  558, 1430,  558, 436,  552, 1436,  552, 1464,  526, 1464,  526, 1464,  548, 1440,  548, 1440,  560, 1428,  562, 1428,  562, 432,  556, 440,  560, 432,  556, 1434,  556, 1434,  556, 1460,  528, 466,  522, 472,  528, 466,  558, 436,  552, 442,  558, 436,  552, 442,  558, 436,  554, 1436,  552, 1436,  554, 442,  558, 1430,  558, 1430,  558, 436,  552, 468,  532, 462,  526, 468,  532, 462,  584, 410,  556, 438,  562, 432,  556, 1434,  556, 1434,  554, 1434,  554, 1434,  554};  // SAMSUNG_AC
uint8_t state[14] = {0x02, 0x92, 0x0F, 0x00, 0x00, 0x00, 0xF0, 0x01, 0xD2, 0xFE, 0x71, 0x80, 0x0D, 0xF0};



SUHU 25
Timestamp : 000786.838
Library   : v2.8.5

Protocol  : SAMSUNG_AC
Code      : 0x02920F000000F001C2FE71900DF0 (112 Bits)
Mesg Desc.: Power: On, Mode: 0 (Auto), Temp: 25C, Fan: 6 (Auto), Swing(V): Off, Swing(H): Off, Beep: -, Clean: -, Quiet: Off, Powerful: Off, Econo: Off, Breeze: Off, Light: On, Ion: Off
uint16_t rawData[233] = {640, 17902,  3034, 8904,  550, 472,  528, 1434,  556, 492,  496, 498,  502, 466,  522, 472,  528, 466,  558, 436,  552, 442,  558, 1430,  560, 462,  526, 442,  558, 1430,  560, 462,  526, 442,  558, 1430,  560, 1430,  560, 1456,  532, 1456,  532, 1456,  556, 464,  524, 444,  556, 438,  550, 444,  556, 438,  550, 444,  556, 438,  550, 444,  556, 438,  550, 444,  556, 464,  524, 470,  530, 438,  550, 470,  530, 464,  524, 470,  530, 464,  524, 470,  554, 440,  548, 446,  554, 442,  558, 434,  554, 440,  560, 434,  554, 440,  560, 434,  554, 440,  558, 434,  554, 466,  534, 462,  526, 440,  560, 462,  528, 1460,  528, 1460,  552, 1438,  552, 1438,  552, 2916,  3088, 8878,  554, 1436,  554, 440,  560, 436,  552, 442,  558, 434,  554, 468,  532, 462,  526, 468,  532, 462,  526, 1462,  526, 496,  504, 462,  586, 408,  592, 402,  550, 1440,  550, 1438,  550, 444,  556, 1432,  556, 1432,  556, 1432,  556, 1432,  556, 1460,  530, 1460,  530, 1460,  588, 1400,  554, 440,  560, 434,  554, 440,  560, 1428,  560, 1428,  560, 1428,  560, 462,  526, 466,  534, 434,  554, 440,  560, 460,  528, 1462,  528, 466,  580, 414,  586, 1402,  586, 1402,  550, 444,  556, 1432,  558, 1432,  558, 438,  550, 444,  592, 428,  560, 434,  566, 402,  586, 408,  592, 428,  560, 434,  566, 1424,  590, 1400,  590, 1400,  554, 1436,  554};  // SAMSUNG_AC
uint8_t state[14] = {0x02, 0x92, 0x0F, 0x00, 0x00, 0x00, 0xF0, 0x01, 0xC2, 0xFE, 0x71, 0x90, 0x0D, 0xF0};





SUHU 26
Timestamp : 000815.277
Library   : v2.8.5

Protocol  : SAMSUNG_AC
Code      : 0x02920F000000F001C2FE71A00DF0 (112 Bits)
Mesg Desc.: Power: On, Mode: 0 (Auto), Temp: 26C, Fan: 6 (Auto), Swing(V): Off, Swing(H): Off, Beep: -, Clean: -, Quiet: Off, Powerful: Off, Econo: Off, Breeze: Off, Light: On, Ion: Off
uint16_t rawData[233] = {644, 17878,  3056, 8908,  558, 436,  552, 1438,  552, 442,  558, 462,  524, 470,  530, 464,  524, 470,  530, 436,  552, 470,  530, 1458,  530, 464,  524, 470,  530, 1458,  556, 438,  548, 472,  528, 1434,  556, 1434,  556, 1434,  554, 1434,  556, 1434,  556, 438,  550, 472,  528, 466,  522, 472,  528, 466,  522, 472,  588, 406,  558, 436,  552, 442,  558, 436,  552, 468,  532, 462,  526, 468,  530, 464,  526, 468,  530, 464,  526, 468,  530, 464,  524, 470,  530, 464,  524, 468,  532, 464,  524, 468,  532, 462,  584, 410,  556, 438,  550, 472,  528, 438,  550, 444,  556, 438,  550, 444,  556, 438,  550, 1440,  550, 1440,  548, 1440,  550, 1440,  584, 2910,  3082, 8882,  524, 1464,  560, 434,  554, 440,  560, 434,  554, 440,  560, 434,  554, 440,  560, 434,  552, 442,  558, 1430,  560, 434,  554, 468,  532, 436,  552, 468,  532, 1456,  532, 1456,  522, 474,  586, 1402,  550, 1438,  550, 1438,  550, 1438,  550, 1438,  550, 1438,  550, 1438,  552, 1438,  550, 470,  530, 464,  524, 470,  530, 1458,  554, 1436,  554, 1436,  552, 440,  560, 434,  554, 440,  560, 436,  552, 440,  560, 434,  554, 1436,  554, 468,  532, 1430,  560, 1456,  532, 462,  528, 1460,  552, 1438,  552, 444,  556, 438,  550, 444,  556, 438,  550, 444,  556, 436,  552, 442,  558, 438,  550, 1438,  550, 1438,  552, 1464,  524, 1464,  560};  // SAMSUNG_AC
uint8_t state[14] = {0x02, 0x92, 0x0F, 0x00, 0x00, 0x00, 0xF0, 0x01, 0xC2, 0xFE, 0x71, 0xA0, 0x0D, 0xF0};




SUHU 27
Timestamp : 000841.588
Library   : v2.8.5

Protocol  : SAMSUNG_AC
Code      : 0x02920F000000F001B2FE71B00DF0 (112 Bits)
Mesg Desc.: Power: On, Mode: 0 (Auto), Temp: 27C, Fan: 6 (Auto), Swing(V): Off, Swing(H): Off, Beep: -, Clean: -, Quiet: Off, Powerful: Off, Econo: Off, Breeze: Off, Light: On, Ion: Off
uint16_t rawData[233] = {648, 17882,  3030, 8936,  530, 464,  524, 1464,  548, 446,  554, 468,  532, 462,  528, 466,  532, 462,  526, 468,  532, 462,  526, 1436,  554, 438,  560, 460,  528, 1434,  554, 440,  560, 460,  528, 1460,  528, 1462,  552, 1438,  552, 1436,  552, 1438,  552, 442,  556, 438,  552, 442,  556, 438,  552, 442,  558, 464,  524, 442,  558, 436,  552, 496,  504, 464,  524, 468,  530, 464,  584, 438,  528, 466,  522, 446,  554, 440,  560, 434,  554, 440,  560, 434,  554, 440,  560, 434,  554, 440,  560, 434,  554, 466,  534, 460,  528, 440,  560, 460,  528, 466,  534, 488,  500, 466,  522, 472,  552, 442,  556, 1432,  558, 1430,  558, 1430,  558, 1432,  558, 2936,  3068, 8870,  560, 1430,  560, 460,  528, 466,  534, 460,  528, 466,  534, 460,  528, 466,  580, 414,  550, 444,  592, 1396,  558, 438,  550, 444,  556, 1432,  558, 1432,  558, 436,  552, 1436,  552, 468,  530, 1432,  558, 1458,  530, 1458,  590, 1398,  590, 1398,  556, 1434,  554, 1436,  554, 1434,  556, 438,  562, 432,  554, 440,  548, 1440,  548, 1440,  550, 1466,  522, 472,  528, 466,  580, 414,  586, 408,  580, 414,  552, 1436,  552, 1438,  552, 442,  558, 1430,  558, 1430,  558, 462,  526, 1436,  552, 1464,  526, 468,  532, 462,  526, 468,  578, 416,  584, 410,  590, 404,  584, 410,  590, 404,  584, 1404,  550, 1440,  550, 1440,  550, 1440,  550};  // SAMSUNG_AC
uint8_t state[14] = {0x02, 0x92, 0x0F, 0x00, 0x00, 0x00, 0xF0, 0x01, 0xB2, 0xFE, 0x71, 0xB0, 0x0D, 0xF0};





SUHU 28
Timestamp : 000876.398
Library   : v2.8.5

Protocol  : SAMSUNG_AC
Code      : 0x02920F000000F001C2FE71C00DF0 (112 Bits)
Mesg Desc.: Power: On, Mode: 0 (Auto), Temp: 28C, Fan: 6 (Auto), Swing(V): Off, Swing(H): Off, Beep: -, Clean: -, Quiet: Off, Powerful: Off, Econo: Off, Breeze: Off, Light: On, Ion: Off
uint16_t rawData[233] = {646, 17876,  3058, 8908,  558, 462,  526, 1436,  552, 470,  530, 436,  552, 442,  558, 436,  552, 468,  532, 464,  526, 440,  558, 1458,  532, 462,  526, 496,  504, 1456,  556, 440,  550, 472,  528, 1434,  556, 1434,  556, 1432,  556, 1432,  556, 1432,  556, 464,  524, 470,  530, 464,  524, 472,  528, 492,  496, 470,  530, 464,  582, 412,  554, 468,  532, 434,  554, 440,  558, 436,  554, 440,  560, 434,  554, 440,  560, 434,  554, 440,  558, 462,  528, 468,  532, 462,  526, 468,  532, 462,  528, 466,  534, 460,  526, 468,  580, 416,  550, 444,  556, 464,  524, 444,  556, 438,  550, 444,  556, 438,  550, 1438,  550, 1438,  552, 1438,  552, 1438,  586, 2908,  3024, 8942,  524, 1464,  584, 410,  590, 404,  548, 446,  554, 440,  560, 434,  556, 438,  550, 444,  556, 438,  550, 1440,  550, 446,  554, 440,  548, 472,  528, 440,  548, 1466,  522, 1466,  522, 472,  528, 1460,  552, 1436,  552, 1438,  552, 1436,  552, 1436,  552, 1436,  552, 1436,  552, 1436,  552, 442,  558, 464,  524, 468,  532, 1458,  532, 1458,  556, 1434,  556, 438,  550, 446,  554, 438,  550, 444,  556, 438,  550, 444,  556, 438,  550, 1440,  550, 1440,  550, 1466,  524, 470,  530, 1460,  528, 1460,  552, 442,  558, 436,  552, 442,  558, 436,  552, 442,  558, 436,  552, 442,  558, 436,  552, 1436,  552, 1436,  552, 1436,  552, 1462,  550};  // SAMSUNG_AC
uint8_t state[14] = {0x02, 0x92, 0x0F, 0x00, 0x00, 0x00, 0xF0, 0x01, 0xC2, 0xFE, 0x71, 0xC0, 0x0D, 0xF0};





SUHU 29
Timestamp : 000900.269
Library   : v2.8.5

Protocol  : SAMSUNG_AC
Code      : 0x02920F000000F001B2FE71D00DF0 (112 Bits)
Mesg Desc.: Power: On, Mode: 0 (Auto), Temp: 29C, Fan: 6 (Auto), Swing(V): Off, Swing(H): Off, Beep: -, Clean: -, Quiet: Off, Powerful: Off, Econo: Off, Breeze: Off, Light: On, Ion: Off
uint16_t rawData[233] = {642, 17880,  3054, 8910,  556, 440,  548, 1440,  550, 446,  554, 440,  548, 472,  528, 466,  522, 472,  528, 466,  522, 472,  528, 1460,  528, 466,  522, 472,  528, 1460,  552, 442,  558, 436,  552, 1438,  552, 1436,  554, 1436,  554, 1436,  552, 1436,  554, 468,  530, 462,  526, 468,  532, 462,  526, 468,  532, 462,  526, 468,  532, 462,  550, 444,  556, 438,  550, 444,  556, 438,  550, 446,  554, 440,  548, 444,  556, 438,  550, 472,  528, 466,  522, 472,  528, 466,  522, 472,  528, 466,  524, 470,  528, 466,  522, 472,  552, 442,  558, 436,  552, 442,  558, 436,  554, 440,  558, 434,  554, 442,  558, 1430,  558, 1430,  560, 1430,  560, 1428,  584, 2912,  3092, 8872,  582, 1408,  524, 470,  588, 406,  558, 436,  552, 442,  558, 436,  552, 442,  558, 436,  554, 440,  558, 1430,  560, 434,  554, 468,  532, 1430,  560, 1456,  532, 462,  526, 1462,  586, 408,  592, 1396,  558, 1432,  558, 1432,  558, 1432,  558, 1432,  558, 1432,  558, 1432,  558, 1432,  558, 464,  526, 468,  532, 462,  526, 1462,  586, 1404,  550, 1440,  550, 446,  554, 440,  584, 408,  592, 402,  586, 408,  592, 1398,  556, 464,  558, 1404,  550, 1464,  524, 1464,  526, 470,  588, 1400,  588, 1400,  590, 404,  584, 412,  588, 406,  582, 410,  590, 404,  584, 436,  562, 432,  556, 438,  562, 1400,  590, 1400,  590, 1426,  564, 1426,  588};  // SAMSUNG_AC
uint8_t state[14] = {0x02, 0x92, 0x0F, 0x00, 0x00, 0x00, 0xF0, 0x01, 0xB2, 0xFE, 0x71, 0xD0, 0x0D, 0xF0};



SUHU 30
Timestamp : 000927.741
Library   : v2.8.5

Protocol  : SAMSUNG_AC
Code      : 0x02920F000000F001B2FE71E00DF0 (112 Bits)
Mesg Desc.: Power: On, Mode: 0 (Auto), Temp: 30C, Fan: 6 (Auto), Swing(V): Off, Swing(H): Off, Beep: -, Clean: -, Quiet: Off, Powerful: Off, Econo: Off, Breeze: Off, Light: On, Ion: Off
uint16_t rawData[233] = {646, 17876,  3058, 8906,  560, 462,  526, 1436,  552, 470,  530, 436,  552, 468,  532, 462,  526, 468,  532, 436,  552, 468,  532, 1458,  532, 490,  500, 494,  528, 1434,  556, 466,  522, 444,  554, 1434,  556, 1434,  556, 1434,  556, 1434,  556, 1434,  556, 466,  522, 472,  528, 494,  494, 498,  502, 492,  496, 498,  560, 434,  532, 436,  552, 442,  558, 436,  552, 442,  558, 436,  552, 442,  558, 436,  552, 442,  558, 436,  554, 468,  532, 462,  526, 442,  558, 464,  526, 496,  504, 490,  500, 468,  532, 462,  550, 444,  590, 404,  550, 444,  556, 438,  550, 444,  556, 438,  550, 444,  556, 438,  550, 1438,  550, 1438,  550, 1438,  550, 1438,  586, 2908,  3084, 8882,  524, 1464,  584, 436,  564, 404,  584, 410,  554, 438,  550, 444,  556, 438,  550, 444,  556, 438,  550, 1440,  550, 472,  528, 466,  522, 1440,  550, 1466,  524, 498,  502, 1460,  588, 434,  554, 1406,  558, 1430,  558, 1430,  558, 1430,  558, 1430,  558, 1430,  558, 1430,  560, 1430,  560, 490,  534, 434,  554, 440,  526, 1462,  586, 1404,  586, 1404,  584, 410,  590, 404,  586, 408,  590, 404,  584, 410,  590, 404,  586, 1404,  586, 1402,  586, 1432,  558, 1430,  524, 470,  588, 1400,  588, 1400,  588, 406,  582, 412,  588, 406,  582, 412,  590, 404,  582, 412,  588, 434,  556, 438,  562, 1400,  590, 1426,  562, 1426,  562, 1426,  586};  // SAMSUNG_AC
uint8_t state[14] = {0x02, 0x92, 0x0F, 0x00, 0x00, 0x00, 0xF0, 0x01, 0xB2, 0xFE, 0x71, 0xE0, 0x0D, 0xF0};



MODE DRY
Timestamp : 001041.707
Library   : v2.8.5

Protocol  : SAMSUNG_AC
Code      : 0x02920F000000F001E2FE712021F0 (112 Bits)
Mesg Desc.: Power: On, Mode: 2 (Dry), Temp: 18C, Fan: 0 (Auto), Swing(V): Off, Swing(H): Off, Beep: -, Clean: -, Quiet: Off, Powerful: Off, Econo: Off, Breeze: Off, Light: On, Ion: Off
uint16_t rawData[233] = {650, 17850,  3060, 8904,  560, 434,  556, 1434,  554, 440,  560, 434,  556, 438,  562, 432,  554, 440,  560, 434,  554, 440,  560, 1454,  522, 472,  528, 466,  556, 1432,  556, 436,  552, 442,  558, 1432,  558, 1432,  558, 1432,  558, 1430,  558, 1430,  558, 436,  552, 442,  558, 462,  526, 468,  530, 464,  526, 468,  530, 464,  548, 446,  554, 440,  560, 434,  554, 440,  560, 434,  554, 440,  560, 434,  554, 440,  560, 434,  554, 440,  560, 434,  554, 440,  560, 434,  554, 466,  534, 460,  526, 466,  534, 460,  552, 442,  558, 436,  552, 442,  558, 438,  550, 442,  558, 436,  552, 442,  558, 436,  552, 1438,  552, 1436,  552, 1436,  552, 1438,  586, 2908,  3086, 8880,  528, 1462,  550, 444,  556, 438,  550, 444,  556, 438,  550, 444,  556, 438,  552, 442,  556, 438,  550, 1438,  550, 444,  556, 438,  550, 444,  556, 1458,  530, 1458,  530, 1458,  530, 464,  560, 1430,  560, 1430,  558, 1430,  558, 1430,  560, 1430,  560, 1428,  560, 1428,  560, 1428,  560, 460,  528, 466,  534, 460,  528, 1462,  550, 1440,  550, 1438,  550, 444,  556, 438,  552, 442,  556, 438,  550, 444,  556, 438,  550, 1438,  552, 442,  558, 436,  552, 1464,  524, 470,  530, 464,  584, 412,  554, 440,  560, 1430,  560, 434,  554, 440,  560, 434,  554, 440,  560, 434,  554, 440,  560, 1428,  560, 1428,  560, 1428,  562, 1454,  558};  // SAMSUNG_AC
uint8_t state[14] = {0x02, 0x92, 0x0F, 0x00, 0x00, 0x00, 0xF0, 0x01, 0xE2, 0xFE, 0x71, 0x20, 0x21, 0xF0};



MODE FAN
Timestamp : 001090.848
Library   : v2.8.5

Protocol  : SAMSUNG_AC
Code      : 0x02920F000000F001C2FE718035F0 (112 Bits)
Mesg Desc.: Power: On, Mode: 3 (Fan), Temp: 24C, Fan: 2 (Low), Swing(V): Off, Swing(H): Off, Beep: -, Clean: -, Quiet: Off, Powerful: Off, Econo: Off, Breeze: Off, Light: On, Ion: Off
uint16_t rawData[233] = {640, 17902,  3032, 8906,  560, 436,  552, 1436,  554, 468,  532, 462,  526, 468,  532, 462,  548, 444,  556, 438,  550, 444,  556, 1434,  556, 438,  550, 446,  556, 1432,  556, 438,  550, 444,  556, 1434,  556, 1432,  556, 1460,  530, 1460,  530, 1460,  552, 442,  558, 436,  552, 442,  558, 436,  554, 440,  558, 436,  552, 442,  558, 436,  552, 442,  558, 436,  552, 442,  560, 434,  552, 442,  558, 462,  526, 468,  532, 462,  526, 468,  590, 404,  550, 444,  554, 440,  548, 446,  554, 440,  548, 446,  554, 440,  550, 444,  554, 438,  550, 444,  556, 438,  550, 446,  556, 438,  550, 444,  556, 466,  522, 1466,  524, 1466,  558, 1430,  558, 1430,  558, 2936,  3032, 8906,  560, 1430,  560, 434,  554, 440,  560, 434,  554, 440,  560, 434,  554, 440,  560, 434,  554, 466,  534, 1456,  532, 462,  586, 408,  556, 438,  550, 444,  556, 1434,  556, 1434,  556, 440,  550, 1438,  550, 1440,  550, 1440,  550, 1440,  550, 1466,  522, 1466,  582, 1406,  558, 1430,  558, 436,  552, 442,  558, 436,  552, 1436,  552, 1436,  552, 1438,  552, 442,  558, 436,  552, 442,  558, 436,  552, 470,  530, 464,  524, 470,  530, 464,  524, 1464,  560, 1428,  560, 434,  554, 1434,  554, 440,  560, 1430,  560, 1430,  560, 434,  554, 440,  560, 434,  554, 440,  560, 462,  526, 468,  532, 1456,  556, 1432,  556, 1432,  556, 1432,  556};  // SAMSUNG_AC
uint8_t state[14] = {0x02, 0x92, 0x0F, 0x00, 0x00, 0x00, 0xF0, 0x01, 0xC2, 0xFE, 0x71, 0x80, 0x35, 0xF0};



MODE COOL
Timestamp : 001142.397
Library   : v2.8.5

Protocol  : SAMSUNG_AC
Code      : 0x02920F000000F001F2FE710011F0 (112 Bits)
Mesg Desc.: Power: On, Mode: 1 (Cool), Temp: 16C, Fan: 0 (Auto), Swing(V): Off, Swing(H): Off, Beep: -, Clean: -, Quiet: Off, Powerful: Off, Econo: Off, Breeze: Off, Light: On, Ion: Off
uint16_t rawData[233] = {690, 17852,  3034, 8904,  550, 472,  528, 1434,  556, 466,  522, 498,  502, 492,  496, 498,  502, 492,  554, 440,  524, 442,  558, 1432,  558, 462,  524, 442,  558, 1432,  558, 464,  524, 442,  558, 1432,  558, 1432,  558, 1432,  558, 1458,  532, 1458,  532, 462,  550, 444,  554, 440,  550, 444,  554, 440,  560, 434,  554, 440,  562, 432,  554, 440,  560, 434,  554, 440,  560, 462,  526, 466,  534, 460,  528, 466,  534, 460,  528, 466,  534, 460,  586, 408,  556, 464,  524, 444,  556, 438,  550, 444,  556, 438,  552, 442,  558, 436,  550, 444,  556, 438,  550, 444,  558, 464,  524, 470,  530, 464,  524, 1464,  524, 1464,  524, 1464,  560, 1430,  560, 2908,  3060, 8904,  562, 1428,  560, 434,  554, 440,  560, 434,  554, 440,  560, 462,  528, 466,  534, 434,  554, 440,  560, 1456,  534, 462,  526, 468,  522, 1466,  558, 1432,  558, 1432,  558, 1432,  558, 436,  552, 1438,  552, 1438,  552, 1438,  552, 1438,  552, 1464,  526, 1464,  584, 1406,  548, 1440,  548, 446,  554, 440,  560, 434,  554, 1434,  556, 1434,  554, 1434,  554, 466,  534, 460,  528, 466,  534, 460,  528, 466,  534, 460,  528, 466,  580, 414,  586, 408,  556, 1432,  556, 438,  550, 444,  556, 438,  550, 1438,  552, 444,  556, 438,  550, 444,  556, 464,  524, 444,  556, 438,  550, 470,  530, 1458,  530, 1458,  588, 1400,  588, 1400,  554};  // SAMSUNG_AC
uint8_t state[14] = {0x02, 0x92, 0x0F, 0x00, 0x00, 0x00, 0xF0, 0x01, 0xF2, 0xFE, 0x71, 0x00, 0x11, 0xF0};



FAN LOW






















Timestamp : 000009.199
Library   : v2.8.5

Protocol  : SAMSUNG
Code      : 0xE0E040BF (32 Bits)
uint16_t rawData[135] = {4556, 4474,  634, 1646,  636, 1646,  626, 1654,  628, 518,  636, 510,  630, 514,  628, 516,  624, 520,  632, 1648,  636, 1646,  636, 1646,  624, 520,  632, 512,  628, 518,  624, 520,  634, 510,  630, 514,  626, 1654,  628, 516,  624, 520,  634, 510,  630, 516,  626, 518,  634, 512,  630, 1652,  632, 512,  628, 1654,  630, 1652,  630, 1650,  632, 1650,  634, 1648,  634, 1646,  636, 48508,  4560, 4464,  632, 1646,  634, 1646,  624, 1656,  628, 516,  624, 520,  632, 512,  630, 516,  626, 518,  634, 1646,  624, 1658,  626, 1654,  628, 516,  624, 520,  634, 510,  630, 514,  626, 516,  626, 518,  632, 1648,  634, 508,  632, 512,  628, 516,  626, 518,  634, 510,  630, 514,  628, 1652,  630, 514,  626, 1654,  628, 1650,  632, 1650,  634, 1646,  636, 1646,  626, 1654,  628};  // SAMSUNG E0E040BF
uint32_t address = 0x7;
uint32_t command = 0x2;
uint64_t data = 0xE0E040BF;

