TOMBOL ON
Power: On
Mode : Cool
FAN : 3
Swing : Auto
Temp : 16 Celcius

Timestamp : 003854.003
Library   : v2.8.5

Protocol  : DAIKIN176
Code      : 0x11DA171804001E11DA17180073002100000E35002011 (176 Bits)
Mesg Desc.: Power: On, Mode: 2 (Cool), Temp: 16C, Fan: 3 (High), Swing(H): 5 (Auto), Id: 0
uint16_t rawData[359] = {5078, 2142,  388, 1778,  388, 692,  388, 694,  388, 694,  388, 1776,  388, 694,  388, 692,  388, 694,  388, 694,  388, 1776,  388, 694,  388, 1778,  388, 1778,  388, 694,  388, 1778,  388, 1778,  386, 1778,  386, 1778,  388, 1778,  386, 696,  386, 1778,  386, 696,  386, 696,  386, 696,  386, 696,  386, 696,  386, 696,  386, 1780,  386, 1780,  384, 696,  386, 696,  386, 696,  386, 696,  386, 696,  386, 1780,  386, 698,  386, 696,  386, 696,  386, 696,  386, 696,  386, 698,  384, 698,  386, 696,  386, 696,  386, 696,  386, 696,  386, 698,  384, 698,  384, 698,  384, 1782,  384, 1780,  384, 1780,  384, 1780,  384, 698,  384, 698,  384, 698,  384, 29582,  5076, 2144,  386, 1780,  384, 698,  384, 698,  386, 696,  386, 1780,  384, 698,  384, 698,  384, 698,  386, 698,  384, 1782,  384, 698,  384, 1782,  384, 1782,  384, 698,  384, 1782,  384, 1780,  384, 1782,  384, 1782,  384, 1782,  384, 698,  384, 1782,  382, 698,  384, 698,  384, 700,  382, 700,  384, 698,  384, 698,  384, 1782,  382, 1782,  384, 698,  384, 698,  384, 698,  384, 698,  384, 698,  384, 698,  384, 698,  384, 700,  382, 698,  384, 700,  382, 700,  382, 1782,  384, 1782,  384, 700,  382, 700,  382, 1782,  382, 1782,  382, 1784,  382, 700,  382, 700,  382, 700,  382, 700,  382, 700,  382, 700,  382, 700,  382, 702,  380, 702,  382, 1784,  382, 700,  382, 700,  382, 702,  380, 702,  380, 1784,  382, 700,  382, 700,  382, 700,  382, 702,  380, 702,  380, 702,  382, 700,  382, 700,  382, 702,  382, 700,  380, 702,  382, 702,  380, 702,  382, 700,  380, 702,  382, 700,  380, 702,  382, 702,  380, 702,  380, 1784,  380, 1784,  380, 1786,  380, 704,  378, 702,  380, 702,  382, 700,  380, 1786,  380, 702,  380, 1786,  380, 702,  380, 1786,  380, 1786,  380, 704,  378, 702,  380, 702,  380, 702,  380, 702,  380, 704,  378, 702,  380, 702,  380, 702,  380, 702,  380, 702,  380, 702,  380, 704,  380, 702,  380, 704,  378, 1786,  380, 702,  380, 702,  380, 1786,  390, 690,  380, 702,  380, 702,  380, 1786,  380, 702,  380, 702,  380, 702,  380};  // DAIKIN176
uint8_t state[22] = {0x11, 0xDA, 0x17, 0x18, 0x04, 0x00, 0x1E, 0x11, 0xDA, 0x17, 0x18, 0x00, 0x73, 0x00, 0x21, 0x00, 0x00, 0x0E, 0x35, 0x00, 0x20, 0x11};


**********************************************************************************************************


TOMBOL OFF
Power: Off
Mode : Cool
FAN : 3
Swing : Auto
Temp : 16 Celcius

Timestamp : 003931.140
Library   : v2.8.5

Protocol  : DAIKIN176
Code      : 0x11DA171804001E11DA17180073002000000E35002010 (176 Bits)
Mesg Desc.: Power: Off, Mode: 2 (Cool), Temp: 16C, Fan: 3 (High), Swing(H): 5 (Auto), Id: 0
uint16_t rawData[359] = {5082, 2138,  378, 1786,  380, 704,  378, 704,  378, 704,  378, 1786,  378, 704,  378, 704,  378, 704,  378, 704,  378, 1786,  378, 734,  348, 1788,  378, 1816,  348, 704,  378, 1788,  414, 1752,  378, 1788,  378, 1788,  412, 1752,  388, 694,  388, 1778,  388, 694,  412, 670,  388, 694,  388, 694,  412, 670,  388, 694,  388, 1778,  412, 1754,  388, 694,  388, 694,  412, 670,  388, 694,  388, 696,  386, 1778,  388, 694,  410, 672,  388, 724,  358, 694,  388, 696,  386, 696,  386, 726,  358, 724,  356, 696,  388, 694,  388, 696,  410, 672,  386, 696,  386, 726,  356, 1780,  410, 1756,  384, 1780,  386, 1780,  408, 674,  408, 674,  384, 696,  386, 29610,  5048, 2144,  386, 1778,  386, 696,  386, 696,  386, 726,  356, 1778,  410, 674,  386, 696,  386, 696,  386, 696,  386, 1780,  386, 696,  410, 1756,  386, 1780,  410, 672,  386, 1780,  410, 1756,  386, 1780,  386, 1780,  384, 1780,  384, 698,  386, 1780,  386, 696,  386, 698,  384, 698,  384, 698,  408, 674,  384, 698,  408, 1788,  354, 1780,  384, 698,  384, 698,  420, 664,  384, 698,  384, 728,  354, 698,  408, 676,  384, 698,  384, 698,  418, 664,  384, 698,  420, 1746,  384, 1782,  418, 664,  384, 698,  384, 1782,  384, 1782,  418, 1748,  382, 728,  354, 698,  384, 700,  418, 664,  384, 698,  384, 698,  418, 664,  384, 700,  384, 700,  382, 698,  384, 698,  384, 700,  382, 700,  382, 700,  384, 1812,  354, 700,  382, 698,  384, 700,  382, 700,  382, 700,  418, 664,  384, 698,  384, 700,  382, 730,  352, 700,  382, 700,  382, 700,  384, 700,  382, 700,  384, 700,  418, 664,  382, 700,  384, 700,  382, 700,  382, 1782,  418, 1776,  352, 1784,  382, 700,  418, 664,  382, 700,  382, 700,  418, 1748,  382, 700,  382, 1784,  382, 702,  380, 1784,  382, 1784,  382, 700,  382, 700,  380, 702,  380, 702,  380, 702,  382, 700,  380, 702,  382, 702,  380, 702,  380, 702,  380, 702,  380, 702,  380, 702,  380, 702,  380, 702,  416, 1750,  380, 732,  350, 702,  380, 702,  380, 702,  380, 702,  380, 702,  380, 1786,  380, 702,  416, 666,  380, 702,  380};  // DAIKIN176
uint8_t state[22] = {0x11, 0xDA, 0x17, 0x18, 0x04, 0x00, 0x1E, 0x11, 0xDA, 0x17, 0x18, 0x00, 0x73, 0x00, 0x20, 0x00, 0x00, 0x0E, 0x35, 0x00, 0x20, 0x10};


**********************************************************************************************************


TOMBOL SUHU ATAS 17
Power: On
Mode : Cool
FAN : 3
Swing : Auto
Temp : 17 Celcius

Timestamp : 004161.932
Library   : v2.8.5

Protocol  : DAIKIN176
Code      : 0x11DA171804001E11DA17180073002100001035002013 (176 Bits)
Mesg Desc.: Power: On, Mode: 2 (Cool), Temp: 17C, Fan: 3 (High), Swing(H): 5 (Auto), Id: 0
uint16_t rawData[359] = {5072, 2148,  382, 1784,  380, 700,  382, 700,  382, 700,  382, 1814,  352, 700,  382, 700,  382, 702,  380, 732,  350, 1784,  380, 702,  380, 1784,  380, 1786,  380, 702,  380, 1784,  380, 1786,  380, 1786,  380, 1786,  380, 1786,  380, 704,  378, 1786,  378, 704,  380, 702,  378, 704,  378, 704,  378, 704,  378, 704,  378, 1788,  390, 1776,  388, 694,  388, 724,  358, 694,  388, 694,  388, 694,  388, 1778,  388, 696,  388, 694,  388, 696,  386, 696,  388, 694,  388, 696,  386, 694,  388, 694,  388, 696,  386, 696,  386, 696,  386, 696,  386, 696,  386, 696,  386, 1780,  386, 1780,  386, 1780,  384, 1780,  386, 696,  384, 698,  384, 698,  386, 29580,  5110, 2112,  418, 1746,  418, 664,  418, 664,  420, 662,  420, 1746,  418, 664,  418, 664,  418, 664,  418, 664,  418, 1748,  382, 700,  418, 1746,  382, 1784,  382, 700,  418, 1748,  382, 1784,  382, 1784,  382, 1784,  380, 1784,  380, 702,  380, 1784,  380, 702,  380, 702,  380, 702,  380, 702,  380, 702,  380, 702,  380, 1786,  380, 1786,  380, 702,  380, 702,  380, 704,  378, 704,  378, 704,  378, 704,  378, 704,  378, 704,  380, 704,  378, 704,  378, 704,  378, 1786,  378, 1788,  378, 704,  378, 704,  390, 1776,  388, 1776,  388, 1776,  388, 694,  388, 694,  388, 694,  388, 694,  388, 694,  388, 694,  388, 694,  388, 694,  386, 696,  386, 1778,  386, 696,  386, 696,  386, 696,  410, 672,  386, 1778,  386, 696,  386, 696,  386, 696,  386, 696,  386, 696,  386, 696,  386, 728,  354, 698,  384, 698,  384, 698,  384, 698,  386, 698,  384, 698,  384, 698,  384, 700,  382, 698,  384, 698,  384, 698,  384, 698,  384, 698,  384, 698,  384, 700,  382, 1782,  384, 698,  384, 698,  384, 698,  384, 1782,  382, 700,  384, 1782,  382, 700,  384, 1782,  382, 1812,  352, 700,  382, 700,  382, 700,  382, 700,  382, 700,  382, 700,  382, 700,  380, 700,  382, 702,  382, 700,  382, 700,  382, 700,  382, 700,  382, 702,  380, 702,  382, 1784,  382, 700,  382, 700,  382, 1784,  380, 1784,  382, 700,  380, 702,  380, 1786,  380, 702,  380, 702,  380, 702,  380};  // DAIKIN176
uint8_t state[22] = {0x11, 0xDA, 0x17, 0x18, 0x04, 0x00, 0x1E, 0x11, 0xDA, 0x17, 0x18, 0x00, 0x73, 0x00, 0x21, 0x00, 0x00, 0x10, 0x35, 0x00, 0x20, 0x13};

TOMBOL SUHU ATAS 18
Power: On
Mode : Cool
FAN : 3
Swing : Auto
Temp : 18 Celcius

Timestamp : 004352.162
Library   : v2.8.5

Protocol  : DAIKIN176
Code      : 0x11DA171804001E11DA17180073002100001235002015 (176 Bits)
Mesg Desc.: Power: On, Mode: 2 (Cool), Temp: 18C, Fan: 3 (High), Swing(H): 5 (Auto), Id: 0
uint16_t rawData[359] = {5072, 2148,  442, 1724,  440, 642,  440, 642,  440, 642,  440, 1726,  440, 642,  440, 642,  440, 642,  440, 644,  438, 1726,  440, 642,  440, 1726,  440, 1726,  440, 642,  440, 1726,  438, 1726,  438, 1726,  440, 1726,  438, 1728,  438, 644,  438, 1726,  440, 644,  438, 644,  438, 644,  438, 644,  438, 644,  438, 644,  438, 1728,  448, 1718,  448, 634,  448, 634,  448, 634,  448, 634,  448, 634,  448, 1718,  448, 636,  448, 634,  448, 634,  448, 634,  448, 634,  448, 634,  448, 636,  446, 636,  446, 636,  446, 636,  446, 636,  446, 636,  446, 636,  446, 636,  446, 1720,  446, 1720,  444, 1720,  444, 1720,  446, 636,  446, 638,  444, 638,  444, 29522,  5076, 2144,  386, 1780,  444, 638,  386, 696,  386, 696,  386, 1780,  446, 638,  444, 638,  444, 638,  444, 638,  386, 1780,  444, 638,  444, 1722,  444, 1720,  444, 638,  444, 1722,  444, 1722,  444, 1722,  442, 1722,  442, 1722,  442, 640,  444, 1722,  442, 640,  442, 640,  442, 640,  442, 640,  444, 640,  442, 640,  442, 1724,  442, 1724,  442, 640,  442, 640,  442, 640,  442, 640,  442, 640,  442, 640,  442, 640,  442, 640,  442, 640,  442, 640,  442, 640,  442, 1724,  442, 1724,  442, 640,  442, 642,  442, 1724,  442, 1724,  442, 1724,  440, 642,  440, 642,  440, 642,  442, 640,  442, 642,  440, 642,  440, 642,  440, 642,  440, 642,  440, 1726,  440, 642,  440, 642,  440, 642,  440, 642,  440, 1726,  440, 644,  438, 642,  440, 642,  440, 644,  438, 644,  440, 644,  438, 644,  438, 644,  440, 644,  438, 644,  438, 644,  438, 644,  438, 644,  450, 632,  450, 632,  450, 634,  450, 632,  450, 632,  450, 632,  450, 1716,  448, 634,  448, 634,  448, 1716,  448, 634,  448, 634,  448, 634,  448, 1718,  448, 634,  448, 1718,  446, 636,  446, 1718,  446, 1718,  448, 636,  446, 636,  446, 636,  446, 636,  446, 636,  446, 638,  444, 638,  444, 638,  444, 638,  446, 638,  444, 638,  444, 638,  444, 638,  444, 638,  444, 638,  444, 1722,  444, 638,  444, 638,  444, 1722,  444, 638,  444, 1722,  442, 640,  442, 1724,  442, 640,  442, 640,  442, 640,  442};  // DAIKIN176
uint8_t state[22] = {0x11, 0xDA, 0x17, 0x18, 0x04, 0x00, 0x1E, 0x11, 0xDA, 0x17, 0x18, 0x00, 0x73, 0x00, 0x21, 0x00, 0x00, 0x12, 0x35, 0x00, 0x20, 0x15};


**********************************************************************************************************


TOMBOL SUHU ATAS 19
Power: On
Mode : Cool
FAN : 3
Swing : Auto
Temp : 19 Celcius

Timestamp : 004421.096
Library   : v2.8.5

Protocol  : DAIKIN176
Code      : 0x11DA171804001E11DA17180073002100001435002017 (176 Bits)
Mesg Desc.: Power: On, Mode: 2 (Cool), Temp: 19C, Fan: 3 (High), Swing(H): 5 (Auto), Id: 0
uint16_t rawData[359] = {5110, 2140,  414, 1722,  444, 640,  442, 640,  442, 640,  442, 1722,  442, 640,  478, 634,  412, 642,  442, 640,  442, 1722,  442, 670,  412, 1754,  412, 1724,  442, 640,  442, 1724,  440, 1724,  440, 1726,  476, 1690,  440, 1726,  440, 642,  440, 1726,  440, 674,  444, 608,  440, 672,  410, 642,  440, 642,  474, 638,  408, 1728,  472, 1692,  450, 662,  420, 662,  420, 632,  450, 634,  448, 632,  450, 1716,  450, 632,  450, 632,  450, 632,  450, 662,  420, 634,  448, 634,  448, 634,  448, 634,  448, 634,  448, 664,  418, 664,  418, 634,  448, 634,  448, 634,  448, 1718,  448, 1718,  448, 1748,  416, 1718,  446, 636,  446, 636,  446, 636,  446, 29520,  5112, 2108,  444, 1720,  444, 638,  446, 636,  444, 638,  444, 1722,  444, 638,  444, 638,  444, 638,  444, 638,  468, 1698,  444, 638,  444, 1722,  444, 1722,  442, 640,  442, 1722,  478, 1686,  442, 1724,  442, 1724,  442, 1724,  476, 606,  476, 1688,  476, 606,  442, 642,  440, 672,  446, 606,  440, 642,  476, 606,  440, 1726,  440, 1726,  440, 642,  440, 672,  410, 642,  440, 642,  440, 642,  440, 644,  438, 642,  474, 608,  440, 644,  438, 644,  474, 608,  440, 1726,  440, 1726,  440, 644,  438, 644,  438, 1726,  450, 1714,  450, 1716,  450, 632,  450, 632,  450, 632,  450, 632,  450, 634,  448, 634,  450, 632,  448, 634,  448, 664,  442, 1692,  448, 634,  448, 634,  448, 634,  450, 664,  418, 1718,  446, 634,  448, 634,  448, 636,  446, 636,  448, 636,  446, 636,  470, 612,  448, 636,  446, 636,  446, 636,  470, 612,  446, 638,  446, 636,  446, 636,  446, 636,  446, 636,  446, 638,  468, 614,  446, 636,  446, 638,  480, 1686,  444, 638,  444, 1720,  444, 638,  444, 638,  444, 638,  444, 1722,  444, 640,  478, 1686,  442, 640,  442, 1722,  442, 1724,  442, 640,  442, 640,  442, 640,  442, 670,  412, 640,  442, 640,  442, 640,  442, 642,  440, 640,  442, 642,  440, 642,  440, 642,  440, 642,  476, 606,  442, 642,  440, 1726,  476, 606,  476, 606,  440, 1756,  422, 1714,  440, 1726,  440, 642,  440, 1726,  438, 644,  440, 642,  440, 642,  440};  // DAIKIN176
uint8_t state[22] = {0x11, 0xDA, 0x17, 0x18, 0x04, 0x00, 0x1E, 0x11, 0xDA, 0x17, 0x18, 0x00, 0x73, 0x00, 0x21, 0x00, 0x00, 0x14, 0x35, 0x00, 0x20, 0x17};


**********************************************************************************************************


TOMBOL SUHU ATAS 20
Power: On
Mode : Cool
FAN : 3
Swing : Auto
Temp : 20 Celcius

Timestamp : 004539.762
Library   : v2.8.5

Protocol  : DAIKIN176
Code      : 0x11DA171804001E11DA17180073002100001635002019 (176 Bits)
Mesg Desc.: Power: On, Mode: 2 (Cool), Temp: 20C, Fan: 3 (High), Swing(H): 5 (Auto), Id: 0
uint16_t rawData[359] = {5080, 2140,  448, 1716,  448, 634,  448, 634,  448, 634,  448, 1718,  448, 634,  470, 612,  448, 636,  446, 636,  446, 1748,  416, 666,  418, 1718,  446, 1718,  446, 636,  446, 1720,  446, 1720,  446, 1720,  470, 1696,  446, 1750,  414, 638,  446, 1720,  468, 614,  446, 636,  446, 638,  444, 638,  444, 638,  468, 614,  444, 1722,  444, 1722,  442, 668,  414, 638,  444, 668,  414, 638,  444, 638,  444, 1752,  414, 638,  444, 640,  442, 670,  412, 640,  442, 640,  442, 640,  442, 638,  444, 640,  478, 604,  478, 604,  442, 640,  442, 640,  442, 640,  442, 670,  412, 1722,  442, 1724,  442, 1724,  442, 1724,  442, 642,  440, 640,  442, 640,  440, 29526,  5110, 2110,  442, 1722,  442, 640,  442, 640,  442, 642,  440, 1724,  442, 670,  412, 670,  412, 640,  442, 642,  440, 1724,  442, 640,  442, 1724,  440, 1724,  476, 606,  442, 1724,  440, 1724,  440, 1724,  440, 1726,  476, 1690,  440, 642,  440, 1724,  440, 642,  440, 672,  410, 642,  440, 642,  440, 672,  410, 642,  474, 1690,  440, 1726,  440, 642,  440, 644,  438, 644,  474, 608,  440, 642,  440, 642,  440, 644,  438, 674,  410, 644,  438, 644,  440, 642,  474, 1692,  440, 1726,  438, 644,  440, 642,  440, 1756,  408, 1726,  438, 1728,  438, 644,  474, 608,  438, 674,  408, 644,  440, 642,  438, 644,  438, 644,  438, 644,  438, 644,  438, 1726,  474, 608,  440, 644,  438, 644,  438, 644,  438, 1726,  474, 610,  450, 632,  474, 610,  448, 632,  450, 632,  450, 664,  418, 634,  450, 662,  442, 610,  450, 632,  450, 632,  450, 666,  416, 634,  450, 632,  450, 634,  448, 634,  448, 634,  448, 634,  448, 634,  448, 1748,  418, 1718,  448, 634,  448, 1718,  448, 664,  442, 612,  448, 664,  418, 1718,  448, 634,  448, 1718,  446, 636,  448, 1718,  448, 1718,  448, 634,  446, 666,  416, 636,  446, 636,  446, 636,  446, 666,  416, 636,  446, 636,  446, 636,  446, 636,  446, 636,  470, 612,  446, 636,  446, 636,  446, 636,  446, 1718,  446, 636,  446, 636,  446, 1720,  446, 636,  446, 636,  468, 1696,  444, 1720,  446, 636,  446, 638,  444, 638,  444};  // DAIKIN176
uint8_t state[22] = {0x11, 0xDA, 0x17, 0x18, 0x04, 0x00, 0x1E, 0x11, 0xDA, 0x17, 0x18, 0x00, 0x73, 0x00, 0x21, 0x00, 0x00, 0x16, 0x35, 0x00, 0x20, 0x19};


**********************************************************************************************************


TOMBOL SUHU ATAS 21
Power: On
Mode : Cool
FAN : 3
Swing : Auto
Temp : 21 Celcius

Timestamp : 004596.871
Library   : v2.8.5

Protocol  : DAIKIN176
Code      : 0x11DA171804001E11DA1718007300210000183500201B (176 Bits)
Mesg Desc.: Power: On, Mode: 2 (Cool), Temp: 21C, Fan: 3 (High), Swing(H): 5 (Auto), Id: 0
uint16_t rawData[359] = {5078, 2142,  386, 1778,  388, 694,  388, 694,  388, 694,  388, 1778,  388, 696,  386, 696,  386, 696,  386, 696,  386, 1778,  386, 696,  386, 1778,  386, 1780,  386, 698,  384, 1780,  384, 1780,  384, 1780,  384, 1782,  384, 1780,  384, 698,  384, 1782,  384, 698,  384, 698,  384, 698,  384, 698,  384, 698,  382, 700,  382, 1782,  384, 1782,  384, 700,  384, 700,  382, 700,  382, 700,  382, 700,  384, 1782,  382, 700,  382, 700,  384, 698,  382, 700,  382, 700,  382, 700,  382, 700,  382, 700,  382, 700,  382, 700,  382, 700,  382, 700,  382, 700,  382, 702,  380, 1784,  380, 1784,  382, 1784,  382, 1784,  380, 702,  380, 702,  382, 700,  380, 29586,  5082, 2138,  380, 1786,  380, 702,  380, 704,  378, 702,  380, 1786,  378, 704,  378, 704,  380, 702,  378, 704,  378, 1788,  378, 704,  378, 1788,  390, 1776,  388, 694,  388, 1778,  388, 1776,  388, 1778,  388, 1778,  388, 1778,  388, 694,  386, 1778,  386, 696,  386, 696,  386, 696,  386, 696,  386, 696,  386, 696,  386, 1778,  386, 1780,  386, 696,  386, 696,  386, 696,  386, 698,  384, 698,  384, 698,  384, 698,  384, 698,  384, 698,  384, 698,  384, 698,  384, 1782,  384, 1782,  382, 700,  384, 698,  384, 1782,  384, 1782,  382, 1782,  382, 700,  382, 700,  384, 700,  382, 700,  382, 700,  382, 700,  382, 700,  382, 700,  382, 700,  382, 1784,  382, 700,  382, 700,  382, 700,  382, 700,  382, 1784,  382, 702,  380, 700,  382, 702,  382, 700,  380, 702,  380, 702,  382, 700,  382, 700,  382, 702,  380, 702,  380, 702,  380, 702,  380, 702,  380, 702,  380, 702,  380, 702,  380, 702,  380, 702,  380, 702,  380, 702,  380, 702,  380, 1786,  378, 1786,  378, 704,  378, 704,  378, 704,  378, 1788,  378, 704,  378, 1786,  378, 704,  378, 1788,  378, 1788,  390, 692,  390, 692,  388, 694,  388, 694,  388, 694,  388, 694,  388, 694,  388, 694,  388, 694,  388, 694,  388, 694,  388, 694,  388, 694,  388, 696,  386, 696,  386, 1778,  386, 696,  386, 696,  386, 1780,  386, 1780,  386, 696,  386, 1780,  386, 1780,  384, 698,  384, 698,  384, 698,  388};  // DAIKIN176
uint8_t state[22] = {0x11, 0xDA, 0x17, 0x18, 0x04, 0x00, 0x1E, 0x11, 0xDA, 0x17, 0x18, 0x00, 0x73, 0x00, 0x21, 0x00, 0x00, 0x18, 0x35, 0x00, 0x20, 0x1B};


**********************************************************************************************************


TOMBOL SUHU ATAS 22
Power: On
Mode : Cool
FAN : 3
Swing : Auto
Temp : 22 Celcius

Timestamp : 004649.676
Library   : v2.8.5

Protocol  : DAIKIN176
Code      : 0x11DA171804001E11DA17180073002100001A3500201D (176 Bits)
Mesg Desc.: Power: On, Mode: 2 (Cool), Temp: 22C, Fan: 3 (High), Swing(H): 5 (Auto), Id: 0
uint16_t rawData[359] = {5074, 2146,  442, 1722,  442, 640,  442, 640,  442, 640,  442, 1724,  442, 640,  442, 640,  442, 640,  442, 640,  442, 1724,  442, 640,  442, 1724,  442, 1722,  442, 640,  442, 1724,  440, 1724,  442, 1724,  442, 1724,  442, 1724,  442, 642,  440, 1724,  442, 640,  440, 642,  442, 640,  442, 642,  440, 642,  440, 642,  440, 1724,  442, 1724,  440, 642,  440, 642,  440, 642,  440, 642,  440, 642,  440, 1726,  440, 642,  440, 642,  440, 642,  440, 642,  440, 642,  440, 644,  438, 644,  438, 642,  440, 644,  440, 642,  440, 642,  440, 642,  440, 642,  440, 644,  438, 1726,  450, 1714,  452, 1714,  450, 1716,  450, 632,  450, 632,  450, 632,  450, 29518,  5080, 2140,  450, 1716,  450, 632,  450, 634,  448, 634,  450, 1716,  450, 632,  450, 632,  450, 634,  448, 634,  448, 1716,  448, 634,  448, 1718,  448, 1718,  446, 634,  448, 1718,  448, 1718,  448, 1718,  448, 1718,  448, 1718,  446, 636,  446, 1718,  446, 636,  446, 636,  446, 636,  446, 636,  446, 636,  446, 636,  446, 1720,  446, 1720,  444, 636,  446, 638,  444, 638,  444, 638,  444, 638,  444, 638,  446, 636,  446, 638,  444, 638,  444, 638,  444, 638,  444, 1722,  444, 1722,  444, 638,  444, 640,  442, 1722,  444, 1722,  444, 1722,  444, 638,  444, 640,  442, 640,  442, 640,  442, 640,  442, 640,  442, 640,  442, 640,  442, 640,  442, 1722,  442, 640,  442, 640,  442, 642,  440, 640,  442, 1724,  442, 642,  440, 642,  442, 640,  442, 640,  442, 640,  442, 640,  442, 642,  440, 642,  440, 642,  440, 642,  452, 630,  440, 642,  440, 642,  440, 642,  442, 642,  440, 642,  440, 642,  440, 642,  440, 642,  440, 1726,  440, 642,  440, 1726,  438, 1728,  438, 642,  440, 642,  440, 644,  438, 1726,  450, 632,  450, 1716,  450, 632,  450, 1714,  450, 1714,  450, 632,  450, 632,  450, 632,  450, 634,  448, 632,  450, 632,  450, 632,  450, 632,  450, 632,  450, 632,  450, 634,  448, 634,  448, 634,  448, 634,  448, 634,  448, 1718,  448, 634,  448, 634,  448, 1716,  448, 634,  448, 1718,  446, 1718,  448, 1718,  448, 636,  448, 634,  446, 636,  446};  // DAIKIN176
uint8_t state[22] = {0x11, 0xDA, 0x17, 0x18, 0x04, 0x00, 0x1E, 0x11, 0xDA, 0x17, 0x18, 0x00, 0x73, 0x00, 0x21, 0x00, 0x00, 0x1A, 0x35, 0x00, 0x20, 0x1D};


**********************************************************************************************************


TOMBOL SUHU ATAS 23
Power: On
Mode : Cool
FAN : 3
Swing : Auto
Temp : 23 Celcius

Timestamp : 005066.992
Library   : v2.8.5

Protocol  : DAIKIN176
Code      : 0x11DA171804001E11DA17180073002100001C3500201F (176 Bits)
Mesg Desc.: Power: On, Mode: 2 (Cool), Temp: 23C, Fan: 3 (High), Swing(H): 5 (Auto), Id: 0
uint16_t rawData[359] = {5080, 2142,  446, 1718,  448, 634,  448, 634,  448, 636,  446, 1718,  448, 634,  448, 636,  446, 636,  446, 636,  446, 1718,  446, 636,  446, 1720,  446, 1720,  446, 636,  446, 1720,  446, 1720,  444, 1720,  444, 1720,  444, 1722,  444, 638,  444, 1722,  444, 638,  444, 640,  442, 640,  444, 638,  444, 638,  444, 638,  444, 1722,  442, 1722,  442, 640,  442, 640,  442, 640,  442, 640,  442, 640,  442, 1722,  442, 640,  442, 640,  442, 640,  442, 640,  442, 640,  442, 640,  442, 640,  442, 640,  442, 640,  442, 640,  442, 640,  442, 640,  440, 642,  442, 640,  442, 1724,  442, 1724,  440, 1724,  440, 1724,  442, 640,  442, 642,  440, 642,  440, 29526,  5072, 2148,  442, 1724,  440, 642,  440, 642,  440, 642,  440, 1724,  442, 642,  440, 642,  440, 642,  440, 642,  440, 1726,  440, 642,  440, 1726,  440, 1724,  440, 644,  440, 1726,  440, 1726,  440, 1726,  438, 1728,  438, 1726,  438, 644,  438, 1728,  438, 644,  438, 644,  438, 644,  438, 644,  438, 644,  438, 644,  438, 1728,  448, 1716,  450, 632,  450, 632,  450, 634,  448, 632,  450, 634,  448, 634,  448, 634,  448, 634,  448, 634,  448, 634,  448, 634,  448, 1718,  448, 1716,  448, 634,  448, 636,  446, 1718,  446, 1718,  446, 1720,  446, 636,  446, 638,  444, 636,  446, 636,  446, 638,  444, 638,  444, 638,  444, 638,  444, 638,  446, 1720,  444, 638,  444, 638,  444, 638,  444, 638,  444, 1722,  444, 638,  444, 638,  444, 638,  444, 640,  442, 640,  444, 638,  442, 640,  442, 640,  444, 638,  444, 640,  444, 638,  442, 640,  442, 640,  442, 638,  442, 640,  442, 640,  442, 640,  442, 640,  442, 640,  442, 640,  442, 1724,  442, 1724,  442, 1722,  442, 640,  442, 640,  442, 642,  440, 1724,  442, 642,  442, 1724,  442, 640,  442, 1724,  440, 1724,  440, 642,  440, 642,  440, 642,  440, 642,  440, 642,  440, 642,  440, 642,  440, 642,  440, 642,  440, 642,  440, 642,  440, 642,  440, 642,  440, 644,  438, 644,  438, 1726,  440, 642,  440, 642,  440, 1726,  438, 1726,  438, 1728,  450, 1714,  450, 1716,  450, 632,  450, 634,  448, 634,  450};  // DAIKIN176
uint8_t state[22] = {0x11, 0xDA, 0x17, 0x18, 0x04, 0x00, 0x1E, 0x11, 0xDA, 0x17, 0x18, 0x00, 0x73, 0x00, 0x21, 0x00, 0x00, 0x1C, 0x35, 0x00, 0x20, 0x1F};


**********************************************************************************************************


TOMBOL SUHU ATAS 24
Power: On
Mode : Cool
FAN : 3
Swing : Aut
 Temp : 24 Celcius

Timestamp : 005130.326
Library   : v2.8.5

Protocol  : DAIKIN176
Code      : 0x11DA171804001E11DA17180073002100001E35002021 (176 Bits)
Mesg Desc.: Power: On, Mode: 2 (Cool), Temp: 24C, Fan: 3 (High), Swing(H): 5 (Auto), Id: 0
uint16_t rawData[359] = {5078, 2142,  388, 1778,  388, 694,  388, 696,  386, 696,  386, 1778,  386, 696,  388, 694,  386, 696,  386, 696,  386, 1778,  386, 696,  386, 1784,  382, 1780,  386, 696,  386, 1780,  386, 1780,  384, 1780,  384, 1780,  384, 1782,  384, 698,  384, 1782,  384, 700,  382, 700,  382, 700,  382, 700,  382, 700,  382, 700,  382, 1784,  382, 1784,  382, 700,  382, 700,  380, 702,  380, 702,  382, 700,  382, 1784,  382, 700,  380, 702,  380, 702,  380, 702,  380, 702,  380, 702,  380, 702,  380, 702,  380, 702,  380, 704,  378, 704,  378, 704,  378, 704,  378, 704,  380, 1786,  380, 1786,  378, 1786,  378, 1786,  378, 704,  378, 704,  378, 704,  378, 29588,  5080, 2140,  390, 1776,  388, 694,  388, 694,  388, 694,  388, 1778,  388, 694,  388, 694,  388, 694,  388, 694,  388, 1778,  386, 696,  388, 1778,  386, 1780,  386, 696,  386, 1780,  386, 1780,  386, 1780,  384, 1780,  386, 1780,  386, 698,  384, 1780,  384, 698,  384, 698,  384, 698,  384, 698,  384, 700,  382, 698,  384, 1780,  384, 1782,  384, 698,  384, 698,  384, 698,  384, 700,  384, 698,  384, 698,  384, 698,  384, 698,  384, 698,  384, 700,  382, 700,  384, 1782,  382, 1784,  382, 700,  382, 700,  382, 1782,  382, 1784,  382, 1784,  382, 700,  382, 702,  380, 700,  382, 700,  382, 702,  380, 700,  382, 700,  382, 702,  380, 702,  380, 1784,  380, 702,  382, 700,  382, 702,  380, 702,  380, 1784,  380, 702,  380, 702,  380, 702,  380, 702,  380, 702,  380, 702,  380, 702,  380, 704,  380, 702,  380, 702,  380, 704,  378, 702,  380, 704,  378, 704,  378, 704,  378, 704,  378, 702,  380, 702,  380, 704,  378, 1788,  378, 1786,  378, 1788,  378, 1788,  378, 706,  388, 692,  390, 694,  388, 1776,  388, 694,  388, 1778,  388, 694,  388, 1776,  388, 1778,  388, 694,  388, 696,  386, 696,  386, 696,  386, 696,  386, 696,  386, 696,  386, 696,  386, 696,  386, 696,  386, 696,  386, 696,  386, 698,  384, 698,  384, 698,  386, 1780,  384, 698,  384, 698,  384, 1780,  384, 698,  384, 698,  384, 698,  384, 698,  384, 1780,  384, 700,  382, 700,  382};  // DAIKIN176
uint8_t state[22] = {0x11, 0xDA, 0x17, 0x18, 0x04, 0x00, 0x1E, 0x11, 0xDA, 0x17, 0x18, 0x00, 0x73, 0x00, 0x21, 0x00, 0x00, 0x1E, 0x35, 0x00, 0x20, 0x21};


**********************************************************************************************************


TOMBOL SUHU ATAS 25
Power: On
Mode : Cool
FAN : 3
Swing : Auto
Temp : 25 Celcius

Timestamp : 005185.472
Library   : v2.8.5

Protocol  : DAIKIN176
Code      : 0x11DA171804001E11DA17180073002100002035002023 (176 Bits)
Mesg Desc.: Power: On, Mode: 2 (Cool), Temp: 25C, Fan: 3 (High), Swing(H): 5 (Auto), Id: 0
uint16_t rawData[359] = {5080, 2140,  378, 1786,  380, 702,  378, 704,  378, 704,  378, 1786,  378, 704,  378, 704,  378, 704,  378, 704,  390, 1776,  388, 694,  388, 1776,  388, 1778,  388, 694,  388, 1778,  386, 1778,  388, 1778,  388, 1778,  386, 1778,  386, 696,  386, 1778,  386, 696,  386, 696,  386, 696,  386, 696,  386, 698,  384, 696,  386, 1780,  386, 1780,  386, 696,  384, 698,  384, 698,  386, 696,  386, 698,  384, 1782,  384, 698,  384, 698,  384, 698,  384, 698,  384, 698,  384, 698,  384, 698,  384, 698,  384, 698,  384, 700,  382, 698,  384, 698,  384, 698,  384, 700,  384, 1782,  382, 1784,  382, 1782,  382, 1782,  382, 700,  384, 698,  382, 700,  382, 29584,  5072, 2148,  382, 1782,  382, 700,  382, 700,  382, 700,  382, 1784,  382, 700,  382, 700,  382, 702,  380, 702,  380, 1784,  380, 702,  382, 1784,  380, 1784,  380, 702,  380, 1786,  380, 1786,  380, 1786,  380, 1786,  378, 1786,  378, 704,  378, 1786,  378, 704,  378, 704,  378, 704,  378, 704,  378, 704,  378, 706,  388, 1776,  388, 1776,  388, 694,  388, 694,  388, 694,  388, 694,  388, 694,  388, 694,  388, 694,  388, 696,  388, 696,  386, 694,  388, 694,  388, 1778,  386, 1778,  386, 696,  386, 696,  386, 1780,  386, 1780,  386, 1778,  386, 696,  386, 698,  386, 696,  386, 696,  386, 696,  386, 696,  386, 698,  384, 698,  384, 698,  384, 1780,  384, 698,  384, 698,  384, 698,  384, 698,  384, 1782,  384, 700,  382, 700,  382, 700,  382, 700,  382, 700,  384, 698,  384, 700,  382, 700,  382, 700,  382, 700,  382, 700,  382, 700,  382, 700,  382, 700,  382, 700,  382, 700,  382, 700,  382, 700,  382, 700,  382, 700,  382, 702,  380, 702,  380, 702,  380, 1784,  380, 702,  380, 702,  380, 1784,  380, 702,  380, 1784,  380, 702,  380, 1784,  380, 1786,  378, 702,  380, 702,  380, 702,  380, 702,  380, 702,  380, 702,  380, 704,  378, 704,  378, 704,  378, 704,  380, 702,  380, 702,  380, 702,  380, 704,  378, 704,  378, 1786,  378, 704,  378, 704,  378, 1788,  390, 1776,  390, 692,  390, 694,  388, 694,  388, 1776,  388, 694,  388, 694,  388};  // DAIKIN176
uint8_t state[22] = {0x11, 0xDA, 0x17, 0x18, 0x04, 0x00, 0x1E, 0x11, 0xDA, 0x17, 0x18, 0x00, 0x73, 0x00, 0x21, 0x00, 0x00, 0x20, 0x35, 0x00, 0x20, 0x23};


**********************************************************************************************************


TOMBOL SUHU ATAS 26
Power: On
Mode : Cool
FAN : 3
Swing : Auto
Temp : 26 Celcius

Protocol  : DAIKIN176
Code      : 0x11DA171804001E11DA17180073002100002235002025 (176 Bits)
Mesg Desc.: Power: On, Mode: 2 (Cool), Temp: 26C, Fan: 3 (High), Swing(H): 5 (Auto), Id: 0
uint16_t rawData[359] = {5108, 2112,  418, 1748,  418, 664,  418, 664,  418, 664,  418, 1746,  418, 664,  418, 664,  418, 664,  420, 664,  418, 1748,  416, 664,  418, 1748,  416, 1748,  416, 666,  416, 1750,  416, 1748,  416, 1748,  416, 1748,  416, 1750,  416, 668,  414, 1750,  416, 666,  416, 666,  416, 666,  416, 666,  416, 666,  416, 666,  416, 1750,  414, 1750,  414, 668,  414, 668,  414, 668,  414, 668,  414, 668,  414, 1750,  414, 668,  414, 668,  414, 668,  414, 668,  414, 668,  414, 668,  414, 668,  414, 668,  414, 670,  412, 670,  414, 668,  414, 668,  414, 668,  414, 668,  414, 1752,  414, 1752,  412, 1752,  414, 1752,  378, 704,  412, 670,  412, 670,  412, 29554,  5116, 2104,  414, 1752,  412, 670,  412, 670,  412, 670,  412, 1754,  412, 670,  412, 670,  412, 670,  412, 670,  412, 1754,  412, 670,  424, 1742,  424, 1742,  422, 660,  422, 1742,  422, 1742,  422, 1744,  386, 1778,  386, 1780,  422, 660,  422, 1744,  422, 660,  422, 660,  422, 660,  422, 662,  420, 662,  420, 662,  420, 1744,  420, 1746,  420, 662,  420, 662,  420, 662,  420, 662,  420, 662,  420, 662,  420, 662,  420, 662,  420, 662,  420, 664,  420, 662,  418, 1746,  384, 1782,  420, 664,  418, 664,  418, 1746,  418, 1746,  418, 1748,  418, 664,  418, 664,  418, 664,  418, 664,  418, 664,  418, 664,  418, 664,  418, 664,  418, 664,  418, 1748,  418, 664,  418, 666,  416, 664,  420, 664,  418, 1748,  418, 664,  418, 664,  382, 700,  382, 700,  382, 700,  416, 666,  416, 666,  418, 664,  418, 666,  416, 666,  416, 666,  416, 666,  416, 666,  416, 666,  416, 666,  416, 666,  380, 702,  382, 700,  382, 702,  380, 1784,  380, 702,  380, 702,  380, 702,  380, 1786,  380, 702,  380, 702,  380, 1784,  380, 702,  414, 1750,  414, 668,  416, 1750,  380, 1788,  414, 668,  414, 668,  414, 668,  414, 668,  414, 668,  414, 668,  414, 668,  414, 670,  412, 668,  414, 668,  414, 668,  414, 668,  414, 668,  378, 704,  414, 670,  412, 1752,  388, 694,  388, 694,  412, 1754,  388, 694,  388, 1776,  388, 694,  388, 694,  388, 1778,  388, 694,  388, 694,  388};  // DAIKIN176
uint8_t state[22] = {0x11, 0xDA, 0x17, 0x18, 0x04, 0x00, 0x1E, 0x11, 0xDA, 0x17, 0x18, 0x00, 0x73, 0x00, 0x21, 0x00, 0x00, 0x22, 0x35, 0x00, 0x20, 0x25};


**********************************************************************************************************


TOMBOL SUHU ATAS 27
Power: On
Mode : Cool
FAN : 3
Swing : Auto
Temp : 27 Celcius

Timestamp : 005434.268
Library   : v2.8.5

Protocol  : DAIKIN176
Code      : 0x11DA171804001E11DA17180073002100002435002027 (176 Bits)
Mesg Desc.: Power: On, Mode: 2 (Cool), Temp: 27C, Fan: 3 (High), Swing(H): 5 (Auto), Id: 0
uint16_t rawData[359] = {5116, 2104,  448, 1748,  382, 670,  414, 668,  412, 670,  448, 1716,  412, 670,  448, 634,  412, 670,  412, 670,  412, 1784,  382, 700,  394, 1772,  392, 1742,  424, 658,  446, 1720,  422, 1742,  422, 1774,  416, 1750,  392, 1774,  390, 660,  422, 1774,  356, 726,  416, 636,  422, 660,  422, 662,  420, 662,  420, 662,  444, 1722,  444, 1720,  420, 662,  420, 662,  444, 668,  414, 638,  420, 662,  420, 1776,  390, 662,  420, 662,  442, 640,  420, 662,  420, 694,  388, 664,  418, 664,  418, 664,  418, 664,  418, 694,  424, 658,  388, 664,  454, 630,  416, 664,  418, 1748,  452, 1712,  454, 1742,  352, 1784,  416, 666,  452, 632,  416, 696,  352, 29616,  5112, 2078,  452, 1714,  452, 630,  416, 666,  416, 666,  416, 1780,  384, 666,  416, 668,  414, 668,  450, 662,  386, 1750,  416, 696,  420, 1714,  450, 1716,  414, 698,  420, 1714,  450, 1716,  414, 1750,  414, 1750,  416, 1750,  450, 632,  414, 1750,  414, 698,  384, 672,  410, 698,  384, 668,  414, 668,  414, 668,  414, 1782,  384, 1752,  414, 668,  414, 668,  414, 670,  414, 668,  412, 700,  384, 668,  414, 668,  448, 634,  414, 670,  412, 670,  412, 670,  412, 1752,  412, 1784,  382, 670,  448, 664,  382, 1752,  412, 1754,  424, 1742,  424, 658,  446, 636,  424, 690,  392, 660,  422, 660,  446, 666,  394, 688,  394, 660,  422, 690,  392, 1742,  422, 660,  446, 666,  392, 690,  416, 636,  422, 1744,  446, 666,  392, 660,  446, 638,  422, 660,  422, 660,  422, 690,  416, 638,  420, 692,  414, 638,  420, 692,  392, 660,  422, 690,  392, 660,  422, 662,  420, 662,  420, 692,  390, 662,  420, 662,  444, 638,  420, 662,  420, 1744,  420, 692,  390, 662,  420, 1746,  420, 692,  390, 662,  420, 1746,  418, 664,  418, 1746,  442, 640,  420, 1746,  442, 1722,  418, 664,  442, 640,  442, 640,  454, 628,  418, 664,  454, 628,  454, 630,  418, 666,  416, 664,  418, 664,  454, 628,  418, 664,  418, 664,  418, 664,  418, 664,  418, 1748,  416, 696,  422, 630,  416, 1778,  386, 1778,  386, 1780,  386, 666,  416, 696,  386, 1750,  416, 666,  416, 698,  384};  // DAIKIN176
uint8_t state[22] = {0x11, 0xDA, 0x17, 0x18, 0x04, 0x00, 0x1E, 0x11, 0xDA, 0x17, 0x18, 0x00, 0x73, 0x00, 0x21, 0x00, 0x00, 0x24, 0x35, 0x00, 0x20, 0x27};


**********************************************************************************************************


TOMBOL SUHU ATAS 28
Power: On
Mode : Cool
FAN : 3
Swing : Auto
Temp : 28 Celcius

Timestamp : 005513.702
Library   : v2.8.5

Protocol  : DAIKIN176
Code      : 0x11DA171804001E11DA17180073002100002635002029 (176 Bits)
Mesg Desc.: Power: On, Mode: 2 (Cool), Temp: 28C, Fan: 3 (High), Swing(H): 5 (Auto), Id: 0
uint16_t rawData[359] = {5106, 2114,  418, 1748,  416, 666,  416, 666,  416, 666,  416, 1750,  416, 666,  416, 666,  416, 666,  416, 668,  414, 1750,  416, 668,  416, 1750,  416, 1750,  416, 666,  416, 1750,  414, 1750,  414, 1750,  414, 1752,  414, 1752,  414, 668,  414, 1752,  414, 668,  414, 668,  414, 668,  414, 668,  414, 668,  412, 670,  412, 1752,  414, 1752,  412, 670,  412, 670,  412, 670,  412, 670,  412, 670,  412, 1754,  412, 670,  412, 670,  412, 670,  412, 670,  410, 672,  422, 660,  410, 672,  422, 660,  422, 660,  424, 660,  422, 660,  422, 660,  422, 660,  422, 660,  422, 1744,  422, 1744,  422, 1744,  420, 1744,  420, 662,  420, 662,  420, 662,  420, 29546,  5110, 2108,  422, 1744,  420, 662,  420, 662,  420, 662,  420, 1746,  420, 662,  420, 662,  420, 662,  420, 662,  420, 1746,  420, 662,  420, 1746,  420, 1746,  418, 664,  418, 1746,  420, 1746,  418, 1746,  418, 1746,  418, 1748,  418, 664,  418, 1748,  418, 664,  418, 664,  418, 664,  418, 664,  418, 664,  418, 664,  418, 1748,  418, 1748,  416, 664,  418, 664,  418, 666,  416, 666,  416, 666,  416, 666,  416, 666,  416, 666,  416, 666,  416, 666,  416, 666,  416, 1750,  416, 1750,  416, 666,  416, 666,  416, 1750,  414, 1750,  414, 1750,  416, 666,  416, 668,  414, 668,  414, 668,  414, 668,  414, 668,  414, 668,  414, 668,  414, 668,  414, 1750,  414, 668,  414, 668,  414, 670,  412, 668,  414, 1752,  414, 670,  412, 670,  412, 670,  412, 670,  412, 670,  412, 670,  412, 670,  412, 670,  424, 658,  424, 658,  424, 660,  422, 660,  422, 660,  422, 660,  422, 660,  422, 660,  422, 660,  422, 660,  422, 660,  422, 1744,  422, 1744,  420, 662,  420, 662,  420, 1744,  420, 662,  420, 662,  420, 1746,  420, 662,  420, 1744,  420, 664,  418, 1746,  418, 1746,  420, 662,  420, 664,  418, 664,  418, 664,  418, 662,  420, 662,  418, 664,  418, 664,  418, 664,  418, 664,  418, 664,  418, 664,  418, 664,  418, 664,  418, 664,  418, 1746,  418, 666,  416, 666,  416, 1748,  416, 666,  418, 666,  416, 1750,  416, 666,  416, 1748,  416, 666,  416, 666,  416};  // DAIKIN176
uint8_t state[22] = {0x11, 0xDA, 0x17, 0x18, 0x04, 0x00, 0x1E, 0x11, 0xDA, 0x17, 0x18, 0x00, 0x73, 0x00, 0x21, 0x00, 0x00, 0x26, 0x35, 0x00, 0x20, 0x29};


**********************************************************************************************************


TOMBOL SUHU ATAS 29
Power: On
Mode : Cool
FAN : 3
Swing : Auto
Temp : 29 Celcius

Timestamp : 005602.397
Library   : v2.8.5

Protocol  : DAIKIN176
Code      : 0x11DA171804001E11DA1718007300210000283500202B (176 Bits)
Mesg Desc.: Power: On, Mode: 2 (Cool), Temp: 29C, Fan: 3 (High), Swing(H): 5 (Auto), Id: 0
uint16_t rawData[359] = {5110, 2110,  420, 1746,  384, 698,  384, 698,  384, 698,  384, 1782,  382, 700,  384, 698,  384, 698,  384, 698,  384, 1782,  382, 700,  382, 1782,  382, 1784,  382, 700,  382, 1782,  382, 1782,  382, 1784,  382, 1784,  380, 1784,  382, 702,  380, 1784,  380, 702,  380, 702,  380, 702,  382, 702,  380, 702,  380, 702,  380, 1784,  380, 1786,  380, 702,  380, 702,  380, 702,  380, 702,  380, 704,  378, 1786,  380, 704,  378, 702,  380, 704,  378, 704,  378, 704,  378, 704,  378, 704,  378, 704,  378, 704,  378, 704,  390, 692,  378, 706,  388, 692,  390, 694,  388, 1776,  388, 1778,  388, 1776,  388, 1778,  388, 694,  388, 694,  388, 694,  388, 29578,  5112, 2108,  424, 1742,  422, 660,  422, 660,  424, 660,  422, 1744,  422, 660,  422, 660,  422, 660,  422, 662,  422, 1744,  422, 662,  420, 1744,  420, 1744,  420, 662,  420, 1744,  420, 1746,  418, 1746,  420, 1746,  420, 1746,  384, 698,  418, 1746,  384, 698,  420, 664,  418, 664,  382, 700,  384, 698,  384, 698,  384, 1782,  382, 1782,  382, 700,  382, 700,  382, 700,  382, 700,  382, 700,  382, 700,  382, 702,  380, 702,  382, 700,  382, 700,  382, 700,  382, 1784,  380, 1784,  380, 702,  380, 702,  380, 1786,  380, 1784,  380, 1786,  378, 702,  380, 704,  378, 704,  378, 702,  380, 702,  380, 702,  380, 704,  378, 704,  378, 704,  378, 1786,  378, 704,  378, 704,  378, 704,  378, 704,  390, 1776,  388, 694,  388, 694,  388, 694,  388, 694,  388, 694,  388, 694,  388, 694,  388, 694,  388, 694,  388, 694,  388, 696,  386, 696,  388, 694,  386, 696,  386, 696,  388, 694,  386, 696,  386, 696,  386, 696,  386, 696,  386, 696,  386, 1780,  386, 696,  386, 1780,  384, 698,  386, 696,  386, 1780,  386, 696,  386, 1780,  386, 696,  384, 1780,  384, 1780,  384, 698,  384, 698,  384, 698,  384, 698,  384, 698,  384, 700,  384, 698,  384, 698,  384, 698,  384, 698,  384, 698,  384, 700,  384, 700,  382, 700,  382, 700,  384, 1782,  384, 700,  382, 700,  382, 1782,  382, 1782,  382, 700,  382, 1784,  382, 702,  380, 1784,  382, 702,  380, 702,  382};  // DAIKIN176
uint8_t state[22] = {0x11, 0xDA, 0x17, 0x18, 0x04, 0x00, 0x1E, 0x11, 0xDA, 0x17, 0x18, 0x00, 0x73, 0x00, 0x21, 0x00, 0x00, 0x28, 0x35, 0x00, 0x20, 0x2B};


**********************************************************************************************************


TOMBOL SUHU ATAS 30
Power: On
Mode : Cool
FAN : 3
Swing : Auto
Temp : 30 Celcius

Timestamp : 005667.688
Library   : v2.8.5

Protocol  : DAIKIN176
Code      : 0x11DA171804001E11DA17180073002100002A3500202D (176 Bits)
Mesg Desc.: Power: On, Mode: 2 (Cool), Temp: 30C, Fan: 3 (High), Swing(H): 5 (Auto), Id: 0
uint16_t rawData[359] = {5112, 2108,  422, 1744,  422, 660,  422, 660,  422, 660,  422, 1744,  422, 660,  422, 660,  422, 662,  420, 662,  420, 1746,  420, 662,  420, 1746,  420, 1746,  420, 662,  420, 1746,  418, 1746,  418, 1748,  418, 1746,  420, 1746,  418, 664,  418, 1746,  418, 664,  418, 664,  418, 664,  418, 664,  418, 664,  418, 664,  418, 1748,  418, 1748,  418, 664,  418, 664,  418, 666,  416, 666,  416, 666,  416, 1750,  416, 666,  416, 666,  416, 666,  416, 666,  416, 666,  416, 666,  414, 668,  416, 666,  416, 668,  414, 666,  416, 666,  416, 668,  414, 668,  414, 668,  416, 1750,  414, 1752,  414, 1750,  414, 1750,  414, 668,  414, 668,  414, 668,  414, 29552,  5116, 2104,  414, 1752,  412, 670,  412, 670,  414, 668,  414, 1752,  414, 670,  412, 670,  412, 670,  412, 670,  412, 1754,  412, 670,  424, 1742,  422, 1742,  424, 660,  422, 1742,  424, 1742,  422, 1744,  422, 1744,  422, 1744,  422, 660,  422, 1744,  422, 660,  420, 662,  420, 662,  422, 662,  420, 662,  420, 662,  420, 1746,  420, 1746,  418, 664,  420, 664,  418, 662,  420, 662,  420, 664,  418, 664,  418, 664,  418, 664,  418, 664,  418, 664,  418, 664,  418, 1746,  418, 1746,  418, 664,  418, 664,  418, 1746,  418, 1746,  418, 1748,  418, 664,  418, 664,  418, 664,  418, 664,  418, 666,  416, 666,  416, 666,  416, 666,  416, 666,  416, 1750,  416, 666,  416, 666,  416, 666,  416, 666,  416, 1750,  380, 702,  380, 702,  414, 668,  380, 702,  414, 668,  414, 668,  414, 668,  380, 702,  414, 668,  378, 704,  414, 668,  378, 704,  380, 702,  380, 704,  378, 704,  378, 704,  378, 704,  378, 704,  380, 702,  380, 1786,  378, 704,  380, 1786,  378, 704,  424, 1740,  378, 704,  378, 704,  390, 1776,  388, 694,  388, 1776,  424, 658,  388, 1778,  388, 1778,  386, 694,  388, 694,  388, 696,  386, 696,  388, 696,  386, 694,  388, 694,  388, 696,  386, 696,  388, 694,  386, 696,  386, 696,  388, 694,  388, 696,  386, 696,  386, 1778,  386, 696,  386, 696,  386, 1780,  386, 696,  386, 1780,  384, 1780,  384, 698,  384, 1780,  386, 698,  384, 698,  384};  // DAIKIN176
uint8_t state[22] = {0x11, 0xDA, 0x17, 0x18, 0x04, 0x00, 0x1E, 0x11, 0xDA, 0x17, 0x18, 0x00, 0x73, 0x00, 0x21, 0x00, 0x00, 0x2A, 0x35, 0x00, 0x20, 0x2D};


**********************************************************************************************************


TOMBOL SUHU ATAS 31
Power: On
Mode : Cool
FAN : 3
Swing : Auto
Temp : 31 Celcius

Timestamp : 005796.381
Library   : v2.8.5

Protocol  : DAIKIN176
Code      : 0x11DA171804001E11DA17180073002100002C3500202F (176 Bits)
Mesg Desc.: Power: On, Mode: 2 (Cool), Temp: 31C, Fan: 3 (High), Swing(H): 5 (Auto), Id: 0
uint16_t rawData[359] = {5110, 2110,  420, 1746,  420, 662,  420, 664,  418, 662,  420, 1746,  418, 664,  420, 662,  420, 662,  420, 664,  418, 1746,  418, 664,  418, 1746,  418, 1748,  418, 664,  418, 1748,  418, 1748,  416, 1748,  416, 1748,  382, 1784,  380, 702,  416, 1750,  380, 702,  416, 666,  416, 666,  416, 666,  416, 666,  380, 702,  380, 1786,  380, 1786,  414, 668,  414, 668,  414, 668,  416, 668,  414, 668,  414, 1750,  414, 668,  414, 668,  414, 668,  414, 668,  414, 668,  414, 668,  414, 668,  378, 704,  378, 704,  414, 668,  378, 704,  378, 704,  378, 704,  388, 694,  388, 1776,  388, 1778,  388, 1778,  388, 1778,  424, 658,  424, 658,  424, 660,  422, 29544,  5112, 2108,  422, 1744,  422, 660,  420, 662,  420, 662,  422, 1744,  420, 662,  420, 662,  420, 662,  420, 662,  420, 1746,  420, 664,  420, 1746,  420, 1746,  418, 664,  418, 1746,  420, 1746,  418, 1748,  418, 1748,  418, 1748,  384, 700,  382, 1784,  382, 700,  418, 664,  418, 666,  416, 666,  416, 666,  416, 666,  416, 1748,  382, 1784,  380, 702,  380, 702,  416, 666,  416, 666,  416, 666,  416, 666,  450, 632,  416, 666,  416, 666,  416, 668,  416, 666,  416, 1750,  416, 1750,  380, 702,  380, 704,  414, 1752,  378, 1786,  450, 1716,  378, 704,  378, 704,  378, 704,  378, 704,  378, 704,  378, 704,  378, 706,  376, 704,  378, 704,  378, 1788,  390, 694,  388, 692,  390, 692,  390, 694,  388, 1776,  388, 694,  388, 724,  358, 694,  388, 694,  388, 694,  388, 694,  410, 672,  388, 696,  386, 696,  386, 696,  386, 696,  386, 696,  386, 696,  386, 696,  386, 696,  386, 696,  386, 696,  386, 696,  386, 696,  386, 698,  384, 1780,  384, 1780,  384, 698,  386, 1780,  384, 698,  384, 698,  384, 1782,  384, 698,  384, 1782,  384, 698,  384, 1782,  382, 1782,  382, 700,  382, 700,  382, 700,  382, 700,  382, 700,  382, 700,  382, 700,  382, 700,  382, 700,  382, 700,  382, 700,  382, 700,  382, 702,  380, 702,  382, 700,  382, 1784,  382, 702,  380, 702,  380, 1784,  380, 1784,  380, 1784,  380, 1786,  380, 702,  380, 1786,  380, 702,  380, 702,  380};  // DAIKIN176
uint8_t state[22] = {0x11, 0xDA, 0x17, 0x18, 0x04, 0x00, 0x1E, 0x11, 0xDA, 0x17, 0x18, 0x00, 0x73, 0x00, 0x21, 0x00, 0x00, 0x2C, 0x35, 0x00, 0x20, 0x2F};


**********************************************************************************************************


TOMBOL SUHU ATAS 32
Power: On
Mode : Cool
FAN : 3
Swing : Auto
Temp : 32 Celcius

Timestamp : 005844.197
Library   : v2.8.5

Protocol  : DAIKIN176
Code      : 0x11DA171804001E11DA17180073002100002E35002031 (176 Bits)
Mesg Desc.: Power: On, Mode: 2 (Cool), Temp: 32C, Fan: 3 (High), Swing(H): 5 (Auto), Id: 0
uint16_t rawData[359] = {5114, 2106,  412, 1754,  412, 670,  412, 670,  412, 670,  424, 1742,  422, 660,  424, 658,  422, 660,  422, 660,  424, 1742,  422, 660,  422, 1744,  422, 1744,  422, 660,  422, 1744,  422, 1744,  420, 1744,  422, 1744,  420, 1744,  420, 662,  420, 1746,  420, 662,  420, 662,  420, 662,  420, 664,  418, 664,  418, 664,  418, 1746,  420, 1746,  418, 664,  418, 664,  418, 664,  418, 664,  418, 664,  418, 1748,  418, 664,  418, 664,  418, 664,  418, 664,  418, 664,  418, 664,  418, 664,  420, 662,  418, 664,  418, 664,  418, 664,  418, 664,  418, 664,  418, 664,  418, 1748,  418, 1748,  418, 1748,  418, 1748,  416, 666,  416, 666,  418, 664,  418, 29548,  5108, 2114,  416, 1748,  416, 666,  416, 666,  416, 666,  418, 1748,  416, 666,  416, 666,  416, 666,  416, 666,  416, 1750,  416, 666,  416, 1750,  416, 1750,  416, 668,  414, 1750,  416, 1750,  414, 1750,  414, 1750,  414, 1752,  414, 668,  414, 1750,  414, 668,  414, 668,  414, 668,  414, 670,  412, 668,  414, 668,  414, 1752,  414, 1752,  414, 670,  412, 668,  414, 668,  414, 670,  412, 670,  412, 670,  412, 670,  412, 670,  412, 670,  424, 658,  424, 658,  424, 1742,  424, 1742,  422, 660,  422, 660,  422, 1742,  422, 1744,  422, 1744,  420, 660,  422, 660,  422, 662,  420, 662,  420, 662,  420, 662,  420, 662,  420, 662,  420, 662,  420, 1746,  420, 662,  420, 664,  418, 664,  418, 664,  420, 1746,  420, 662,  420, 664,  418, 664,  420, 662,  418, 664,  418, 664,  418, 662,  420, 664,  418, 664,  418, 664,  418, 664,  418, 664,  418, 664,  418, 664,  418, 664,  418, 664,  418, 664,  418, 664,  418, 664,  418, 1746,  418, 1746,  418, 1748,  418, 666,  416, 1748,  382, 700,  382, 700,  418, 1748,  382, 702,  416, 1748,  382, 700,  416, 1748,  382, 1784,  382, 702,  382, 700,  380, 702,  382, 700,  382, 702,  380, 702,  380, 702,  380, 702,  380, 702,  380, 702,  380, 702,  380, 702,  380, 702,  380, 702,  380, 702,  380, 1786,  380, 702,  380, 702,  380, 1786,  380, 704,  380, 702,  380, 702,  416, 1750,  380, 1786,  378, 704,  378, 704,  426};  // DAIKIN176
uint8_t state[22] = {0x11, 0xDA, 0x17, 0x18, 0x04, 0x00, 0x1E, 0x11, 0xDA, 0x17, 0x18, 0x00, 0x73, 0x00, 0x21, 0x00, 0x00, 0x2E, 0x35, 0x00, 0x20, 0x31};


**********************************************************************************************************


TOMBOL FAN LOW
Power: On
Mode : Cool
FAN : 1
Swing : Auto
Temp : 16 Celcius

Timestamp : 006098.395
Library   : v2.8.5

Protocol  : DAIKIN176
Code      : 0x11DA171804001E11DA17180073002100000E150020F1 (176 Bits)
Mesg Desc.: Power: On, Mode: 2 (Cool), Temp: 16C, Fan: 1 (Low), Swing(H): 5 (Auto), Id: 0
uint16_t rawData[359] = {5112, 2108,  424, 1742,  424, 660,  422, 660,  422, 660,  422, 1742,  388, 696,  422, 660,  422, 660,  422, 660,  422, 1744,  386, 696,  386, 1778,  386, 1780,  386, 696,  386, 1780,  386, 1780,  386, 1780,  386, 1780,  384, 1780,  384, 698,  384, 1782,  384, 698,  384, 698,  384, 698,  384, 698,  384, 700,  384, 698,  384, 1782,  384, 1782,  384, 700,  382, 700,  382, 700,  382, 700,  382, 700,  384, 1782,  382, 700,  384, 700,  382, 700,  382, 700,  382, 700,  382, 700,  382, 700,  382, 700,  382, 700,  382, 700,  380, 702,  382, 700,  382, 700,  382, 700,  382, 1784,  380, 1784,  380, 1784,  380, 1786,  380, 702,  380, 702,  380, 702,  380, 29586,  5106, 2114,  416, 1750,  380, 702,  380, 702,  382, 702,  380, 1784,  380, 702,  380, 702,  380, 702,  380, 702,  380, 1784,  380, 702,  380, 1786,  380, 1786,  380, 702,  380, 1786,  378, 1786,  378, 1786,  380, 1786,  380, 1786,  378, 704,  378, 1788,  378, 704,  378, 702,  378, 704,  378, 704,  378, 704,  378, 704,  390, 1776,  388, 1776,  388, 694,  388, 694,  388, 694,  388, 694,  388, 694,  388, 694,  388, 694,  388, 696,  386, 696,  388, 694,  388, 694,  388, 1778,  386, 1778,  388, 694,  386, 696,  386, 1780,  386, 1780,  386, 1778,  386, 696,  386, 696,  386, 696,  386, 696,  386, 696,  386, 696,  386, 698,  384, 698,  386, 696,  384, 1780,  386, 696,  386, 696,  386, 698,  384, 698,  384, 1780,  384, 698,  384, 698,  384, 698,  384, 698,  384, 698,  384, 698,  384, 698,  384, 698,  384, 698,  384, 700,  382, 698,  384, 698,  384, 698,  384, 698,  384, 698,  384, 698,  384, 700,  382, 700,  382, 700,  382, 1782,  382, 1782,  384, 1782,  382, 700,  382, 700,  382, 700,  382, 700,  382, 1784,  382, 700,  382, 1784,  382, 702,  382, 1784,  382, 700,  382, 700,  382, 700,  382, 700,  380, 702,  380, 702,  380, 702,  380, 702,  380, 702,  380, 702,  380, 702,  380, 702,  380, 702,  380, 702,  380, 702,  380, 702,  380, 1786,  380, 702,  380, 702,  380, 1786,  392, 690,  380, 702,  380, 704,  380, 1786,  378, 1786,  378, 1788,  390, 1776,  378};  // DAIKIN176
uint8_t state[22] = {0x11, 0xDA, 0x17, 0x18, 0x04, 0x00, 0x1E, 0x11, 0xDA, 0x17, 0x18, 0x00, 0x73, 0x00, 0x21, 0x00, 0x00, 0x0E, 0x15, 0x00, 0x20, 0xF1};

**********************************************************************************************************

TOMBOL FAN HIGH
Power: On
Mode : Cool
FAN : 3
Swing : Auto
Temp : 16 Celcius

Timestamp : 006180.652
Library   : v2.8.5

Protocol  : DAIKIN176
Code      : 0x11DA171804001E11DA17180073002100000E35002011 (176 Bits)
Mesg Desc.: Power: On, Mode: 2 (Cool), Temp: 16C, Fan: 3 (High), Swing(H): 5 (Auto), Id: 0
uint16_t rawData[359] = {5116, 2104,  378, 1788,  378, 704,  388, 694,  390, 692,  390, 1776,  390, 694,  388, 694,  388, 694,  388, 692,  388, 1776,  388, 694,  388, 1778,  386, 1778,  388, 694,  388, 1778,  386, 1778,  386, 1780,  386, 1780,  386, 1780,  384, 698,  384, 1780,  386, 696,  386, 696,  386, 698,  384, 696,  386, 698,  384, 698,  384, 1780,  384, 1782,  384, 698,  384, 698,  384, 698,  384, 698,  384, 698,  384, 1782,  384, 698,  384, 698,  384, 698,  384, 700,  382, 700,  382, 700,  384, 698,  384, 698,  384, 700,  382, 700,  382, 700,  382, 700,  382, 700,  382, 700,  384, 1782,  382, 1784,  382, 1784,  382, 1784,  382, 700,  382, 700,  382, 700,  382, 29584,  5108, 2114,  380, 1784,  380, 702,  382, 702,  380, 700,  382, 1784,  380, 702,  380, 702,  380, 702,  380, 702,  380, 1786,  380, 702,  380, 1786,  380, 1786,  380, 702,  380, 1786,  380, 1786,  378, 1786,  378, 1786,  378, 1788,  378, 704,  378, 1786,  378, 704,  378, 704,  378, 704,  378, 704,  378, 706,  388, 692,  390, 1776,  388, 1776,  388, 694,  388, 694,  388, 694,  388, 694,  388, 694,  388, 694,  388, 694,  388, 694,  388, 696,  386, 696,  388, 694,  386, 1778,  388, 1778,  386, 696,  386, 696,  386, 1778,  386, 1780,  386, 1780,  386, 696,  386, 698,  384, 698,  386, 696,  384, 698,  384, 698,  386, 696,  384, 698,  384, 698,  384, 1782,  384, 698,  384, 698,  384, 698,  384, 698,  384, 1780,  384, 698,  384, 700,  384, 698,  384, 698,  384, 698,  384, 698,  384, 698,  384, 700,  384, 698,  384, 698,  384, 698,  384, 700,  382, 700,  382, 700,  382, 700,  384, 698,  382, 700,  384, 700,  382, 700,  382, 1782,  382, 1782,  382, 1784,  382, 700,  382, 702,  380, 700,  382, 700,  382, 1784,  382, 700,  382, 1784,  380, 700,  382, 1784,  380, 1786,  380, 700,  382, 702,  382, 700,  380, 702,  380, 702,  382, 700,  380, 702,  380, 702,  380, 702,  380, 702,  380, 702,  380, 702,  380, 702,  380, 702,  380, 702,  380, 1786,  380, 704,  380, 702,  380, 1786,  380, 702,  380, 702,  380, 704,  378, 1786,  380, 702,  378, 704,  378, 704,  378};  // DAIKIN176
uint8_t state[22] = {0x11, 0xDA, 0x17, 0x18, 0x04, 0x00, 0x1E, 0x11, 0xDA, 0x17, 0x18, 0x00, 0x73, 0x00, 0x21, 0x00, 0x00, 0x0E, 0x35, 0x00, 0x20, 0x11};


**********************************************************************************************************


TOMBOL MODE FAN
Power: On
Mode : Fan
FAN : 3
Swing : Auto
Temp : 16 Celcius

Timestamp : 006290.552
Library   : v2.8.5

Protocol  : DAIKIN176
Code      : 0x11DA171804001E11DA17180063040100000E350020E5 (176 Bits)
Mesg Desc.: Power: On, Mode: 0 (Fan), Temp: 16C, Fan: 3 (High), Swing(H): 5 (Auto), Id: 0
uint16_t rawData[359] = {5082, 2108,  422, 1744,  446, 666,  416, 666,  392, 660,  422, 1744,  444, 638,  444, 638,  444, 638,  422, 660,  444, 1722,  420, 662,  420, 1744,  444, 1720,  420, 662,  420, 1776,  390, 1746,  442, 1722,  420, 1746,  420, 1776,  390, 662,  420, 1746,  418, 664,  418, 664,  418, 664,  420, 664,  418, 694,  412, 670,  388, 1746,  418, 1746,  454, 628,  454, 658,  388, 664,  454, 628,  454, 658,  388, 1748,  452, 630,  418, 664,  418, 664,  418, 664,  452, 630,  416, 666,  416, 696,  386, 666,  416, 666,  416, 666,  416, 696,  422, 632,  416, 696,  386, 666,  416, 1750,  416, 1750,  416, 1750,  416, 1780,  386, 696,  420, 632,  452, 630,  416, 29550,  5142, 2080,  450, 1744,  384, 698,  384, 698,  384, 698,  384, 1752,  414, 698,  384, 668,  414, 668,  414, 698,  384, 1782,  384, 668,  414, 1752,  414, 1752,  414, 668,  414, 1752,  448, 1716,  414, 1752,  412, 1754,  412, 1784,  382, 700,  382, 1754,  412, 670,  412, 670,  412, 700,  416, 636,  424, 658,  424, 658,  446, 1750,  416, 1718,  422, 690,  392, 660,  422, 660,  422, 660,  422, 662,  386, 694,  422, 690,  356, 696,  422, 690,  414, 638,  386, 696,  444, 1722,  384, 1780,  384, 698,  386, 696,  386, 696,  386, 1780,  408, 1788,  354, 728,  354, 698,  386, 698,  384, 1782,  408, 674,  384, 698,  384, 698,  384, 698,  420, 662,  384, 1812,  354, 698,  384, 698,  384, 700,  382, 700,  384, 698,  384, 698,  384, 698,  384, 698,  384, 730,  352, 730,  352, 700,  418, 694,  352, 700,  382, 700,  418, 694,  352, 730,  388, 666,  382, 730,  352, 700,  382, 700,  382, 730,  352, 700,  382, 730,  388, 694,  352, 1784,  416, 1748,  416, 1750,  380, 702,  416, 696,  352, 700,  380, 732,  350, 1784,  382, 702,  380, 1784,  380, 702,  416, 1750,  380, 1816,  384, 668,  416, 666,  416, 696,  350, 702,  380, 702,  426, 686,  350, 704,  378, 702,  416, 668,  380, 732,  350, 702,  414, 668,  380, 732,  350, 704,  378, 704,  378, 1786,  414, 698,  348, 704,  378, 1788,  376, 704,  414, 1782,  348, 704,  378, 734,  348, 1788,  412, 1782,  360, 1806,  358};  // DAIKIN176
uint8_t state[22] = {0x11, 0xDA, 0x17, 0x18, 0x04, 0x00, 0x1E, 0x11, 0xDA, 0x17, 0x18, 0x00, 0x63, 0x04, 0x01, 0x00, 0x00, 0x0E, 0x35, 0x00, 0x20, 0xE5};


**********************************************************************************************************


TOMBOL MODE DRY
Power: On
Mode : Dry
FAN : 3
Swing : Auto
Temp : 16 Celcius

Timestamp : 006413.113
Library   : v2.8.5

Protocol  : DAIKIN176
Code      : 0x11DA171804001E11DA17180023047100000E35002015 (176 Bits)
Mesg Desc.: Power: On, Mode: 7 (Dry), Temp: 16C, Fan: 3 (High), Swing(H): 5 (Auto), Id: 0
uint16_t rawData[359] = {5108, 2114,  382, 1784,  382, 700,  382, 700,  382, 700,  382, 1784,  382, 700,  382, 700,  382, 702,  380, 700,  382, 1784,  380, 702,  380, 1786,  380, 1784,  380, 702,  380, 1784,  380, 1786,  380, 1786,  380, 1784,  380, 1786,  380, 702,  380, 1786,  380, 702,  380, 704,  380, 702,  380, 702,  380, 702,  380, 702,  380, 1784,  380, 1786,  380, 702,  380, 702,  380, 702,  380, 702,  380, 702,  380, 1786,  380, 702,  380, 702,  380, 704,  378, 704,  378, 704,  378, 704,  378, 704,  380, 702,  380, 702,  380, 704,  378, 704,  378, 704,  378, 704,  380, 702,  380, 1786,  378, 1786,  378, 1786,  378, 1788,  378, 704,  378, 704,  378, 704,  378, 29588,  5116, 2104,  380, 1786,  380, 702,  380, 702,  380, 702,  380, 1786,  380, 702,  380, 704,  378, 704,  378, 704,  380, 1786,  380, 704,  380, 1786,  378, 1786,  378, 704,  378, 1788,  378, 1788,  378, 1788,  378, 1788,  378, 1788,  378, 704,  390, 1776,  390, 694,  390, 694,  388, 692,  388, 694,  388, 694,  388, 694,  388, 1776,  388, 1776,  388, 694,  388, 694,  388, 694,  388, 694,  388, 696,  386, 696,  386, 694,  388, 696,  388, 694,  388, 694,  388, 694,  388, 1776,  388, 1778,  386, 696,  386, 696,  388, 694,  388, 1778,  386, 696,  386, 696,  386, 696,  386, 696,  388, 1778,  386, 696,  386, 696,  386, 696,  386, 696,  386, 696,  386, 1778,  386, 696,  386, 696,  386, 696,  386, 1778,  386, 1780,  386, 1780,  386, 698,  384, 698,  386, 696,  386, 696,  386, 696,  386, 696,  386, 698,  384, 698,  384, 698,  384, 698,  384, 698,  384, 698,  384, 698,  384, 698,  384, 698,  384, 700,  382, 698,  384, 698,  384, 1782,  384, 1782,  384, 1782,  382, 700,  382, 700,  384, 698,  384, 698,  384, 1782,  382, 700,  382, 1782,  382, 700,  384, 1782,  382, 1782,  382, 700,  382, 700,  382, 700,  382, 700,  382, 700,  382, 700,  382, 702,  380, 700,  382, 702,  382, 700,  382, 700,  382, 700,  382, 700,  382, 702,  380, 702,  380, 1784,  380, 702,  382, 700,  382, 1784,  380, 702,  382, 1784,  380, 702,  380, 1786,  380, 702,  380, 702,  380, 702,  380};  // DAIKIN176
uint8_t state[22] = {0x11, 0xDA, 0x17, 0x18, 0x04, 0x00, 0x1E, 0x11, 0xDA, 0x17, 0x18, 0x00, 0x23, 0x04, 0x71, 0x00, 0x00, 0x0E, 0x35, 0x00, 0x20, 0x15};

**********************************************************************************************************

TOMBOL MODE COOL
Power: On
Mode : Cool
FAN : 3
Swing : Auto
Temp : 16 Celcius

Timestamp : 006499.857
Library   : v2.8.5

Protocol  : DAIKIN176
Code      : 0x11DA171804001E11DA17180073042100000E35002015 (176 Bits)
Mesg Desc.: Power: On, Mode: 2 (Cool), Temp: 16C, Fan: 3 (High), Swing(H): 5 (Auto), Id: 0
uint16_t rawData[359] = {5110, 2108,  446, 1750,  390, 692,  414, 668,  392, 660,  422, 1744,  422, 662,  422, 660,  420, 662,  444, 638,  422, 1744,  444, 638,  420, 1774,  356, 1810,  378, 672,  420, 1746,  384, 1810,  354, 1782,  384, 1782,  384, 1812,  352, 698,  420, 1776,  354, 698,  384, 700,  418, 662,  384, 698,  418, 664,  418, 694,  352, 1814,  388, 1746,  384, 700,  382, 730,  352, 700,  382, 700,  418, 694,  352, 1814,  352, 700,  382, 700,  382, 700,  382, 700,  384, 730,  388, 664,  382, 730,  352, 700,  382, 700,  382, 700,  416, 666,  382, 702,  382, 700,  382, 700,  382, 1814,  352, 1784,  382, 1782,  418, 1778,  386, 666,  382, 700,  382, 730,  352, 29584,  5108, 2112,  420, 1746,  418, 664,  420, 664,  442, 670,  388, 1746,  442, 640,  418, 664,  454, 628,  454, 628,  418, 1746,  418, 664,  418, 1778,  388, 1748,  382, 700,  384, 1782,  382, 1812,  352, 1812,  354, 1782,  382, 1814,  352, 700,  418, 1746,  382, 700,  382, 700,  382, 700,  382, 730,  388, 664,  382, 700,  382, 1814,  352, 1784,  380, 700,  382, 702,  380, 732,  386, 666,  418, 664,  416, 666,  382, 700,  418, 666,  416, 666,  382, 700,  382, 700,  416, 1750,  380, 1814,  352, 730,  350, 702,  380, 1786,  416, 1750,  380, 1784,  416, 666,  380, 702,  380, 702,  380, 1786,  416, 668,  380, 702,  414, 698,  350, 702,  414, 668,  414, 1750,  380, 704,  414, 668,  378, 704,  378, 704,  378, 1786,  380, 734,  348, 704,  378, 734,  348, 704,  414, 668,  378, 704,  414, 668,  414, 698,  348, 734,  348, 706,  376, 706,  388, 724,  358, 694,  388, 694,  390, 692,  412, 670,  390, 694,  412, 670,  388, 694,  388, 1806,  358, 1778,  410, 1784,  358, 694,  412, 702,  380, 702,  356, 696,  410, 1756,  386, 694,  388, 1808,  356, 696,  386, 1808,  380, 1754,  388, 696,  386, 726,  356, 696,  386, 726,  356, 696,  410, 704,  356, 696,  386, 696,  386, 696,  386, 696,  386, 696,  386, 696,  386, 726,  356, 696,  386, 696,  386, 1810,  378, 704,  356, 696,  386, 1810,  356, 696,  386, 1810,  354, 698,  384, 1780,  386, 696,  408, 674,  384, 698,  384};  // DAIKIN176
uint8_t state[22] = {0x11, 0xDA, 0x17, 0x18, 0x04, 0x00, 0x1E, 0x11, 0xDA, 0x17, 0x18, 0x00, 0x73, 0x04, 0x21, 0x00, 0x00, 0x0E, 0x35, 0x00, 0x20, 0x15};



